[33921,33929,33857,33827,35942,16912]
[35160,36845,12545,13056,8704,8448]
[12848,13361,13346,17504,27744,34912]
[33984,33992,33860,17632,49380,49902]
[12288,12544,8960,25360,25648,29745]
[18450,16410,22,32820,51252,4852]
[45845,33800,4,34946,17604,59104]
[8720,29456,17441,58929,38978,23619]
[0,0,0,32768,53248,55296]
[20480,12544,33280,2176,34944,33920]
[4096,4104,4360,12552,13064,12952]
[2048,32768,34816,18432,51200,19456]
[13124,9294,13832,17984,20076,35086]
[33860,33900,36384,2592,50240,50688]
[21632,54912,33728,5088,250,58928]
[2195,2295,768,272,257,0]
[16912,29200,33808,49152,0,0]
[41984,25600,26112,38400,38400,34304]
[53792,33296,53264,23040,57216,432]
[13448,9928,27564,26796,23042,61136]
[12288,4096,0,0,0,0]
[0,128,2184,35008,16576,3072]
[45248,12936,30656,37320,16076,34828]
[33921,33929,33857,33827,35942,16912,33409]
[0,32768,0,32768,0,32768,0]
[12848,13361,13346,17504,27744,34912,51673]
[33984,33992,33860,17632,49380,49902,58010]
[12288,12544,8960,25360,25648,29745,29731]
[18450,16410,22,32820,51252,4852,2192]
[45845,33800,4,34946,17604,59104,33190]
[8720,29456,17441,58929,38978,23619,56514]
[0,0,0,32768,53248,55296,7168]
[20480,12544,33280,2176,34944,33920,33920]
[4096,4104,4360,12552,13064,12952,14044]
[2048,32768,34816,18432,51200,19456,27776]
[13124,9294,13832,17984,20076,35086,24740]
[33860,33900,36384,2592,50240,50688,26112]
[21632,54912,33728,5088,250,58928,112]
[2195,2295,768,272,257,0,1]
[0,32768,0,32768,0,32768,0]
[53792,33296,53264,23040,57216,432,4912]
[13448,9928,27564,26796,23042,61136,17]
[0,128,2184,35008,16576,3072,2048]
[45248,12936,30656,37320,16076,34828,51272]
[33921,33929,33857,33827,35942,16912,33409,1172]
[32768,34816,16384,0,0,32768,32768,32768]
[12848,13361,13346,17504,27744,34912,51673,4559]
[33984,33992,33860,17632,49380,49902,58010,41778]
[12288,12544,8960,25360,25648,29745,29731,21600]
[18450,16410,22,32820,51252,4852,2192,2177]
[45845,33800,4,34946,17604,59104,33190,1080]
[8720,29456,17441,58929,38978,23619,56514,57506]
[0,0,0,32768,53248,55296,7168,47232]
[20480,12544,33280,2176,34944,33920,33920,33928]
[4096,4104,4360,12552,13064,12952,14044,28689]
[2048,32768,34816,18432,51200,19456,27776,8896]
[13124,9294,13832,17984,20076,35086,24740,25166]
[21632,54912,33728,5088,250,58928,112,6835]
[2195,2295,768,272,257,0,1,17]
[16912,29200,33808,49152,0,0,16384,0]
[53792,33296,53264,23040,57216,432,4912,12320]
[13448,9928,27564,26796,23042,61136,17,17]
[45248,12936,30656,37320,16076,34828,51272,16456]
[33921,33929,33857,33827,35942,16912,33409,1172,97]
[35160,36845,12545,13056,8704,8448,12288,0,0]
[32768,34816,16384,0,0,32768,32768,32768,32774]
[12848,13361,13346,17504,27744,34912,51673,4559,4883]
[33984,33992,33860,17632,49380,49902,58010,41778,43083]
[12288,12544,8960,25360,25648,29745,29731,21600,56672]
[42115,46566,3,3,32769,32784,35088,35073,34832]
[2388,2901,28357,4096,8,13,0,0,0]
[45845,33800,4,34946,17604,59104,33190,1080,609]
[8720,29456,17441,58929,38978,23619,56514,57506,54098]
[0,0,0,32768,53248,55296,7168,47232,59776]
[20480,12544,33280,2176,34944,33920,33920,33928,17480]
[4096,4104,4360,12552,13064,12952,14044,28689,8210]
[2048,32768,34816,18432,51200,19456,27776,8896,12864]
[13124,9294,13832,17984,20076,35086,24740,25166,25230]
[21632,54912,33728,5088,250,58928,112,6835,45703]
[2195,2295,768,272,257,0,1,17,3]
[16912,29200,33808,49152,0,0,16384,0,16384]
[53792,33296,53264,23040,57216,432,4912,12320,8960]
[13448,9928,27564,26796,23042,61136,17,17,16]
[45248,12936,30656,37320,16076,34828,51272,16456,8]
[33921,33929,33857,33827,35942,16912,33409,1172,97,48]
[32768,34816,16384,0,0,32768,32768,32768,32774,34825]
[33984,33992,33860,17632,49380,49902,58010,41778,43083,98]
[12288,12544,8960,25360,25648,29745,29731,21600,56672,243]
[42115,46566,3,3,32769,32784,35088,35073,34832,34832]
[8243,4642,4706,13926,20628,8708,8202,4232,6280,39112]
[2388,2901,28357,4096,8,13,0,0,0,28672]
[45845,33800,4,34946,17604,59104,33190,1080,609,1648]
[8720,29456,17441,58929,38978,23619,56514,57506,54098,49222]
[0,0,0,32768,53248,55296,7168,47232,59776,45952]
[20480,12544,33280,2176,34944,33920,33920,33928,17480,52928]
[4096,4104,4360,12552,13064,12952,14044,28689,8210,2]
[2048,32768,34816,18432,51200,19456,27776,8896,12864,38656]
[13124,9294,13832,17984,20076,35086,24740,25166,25230,29354]
[21632,54912,33728,5088,250,58928,112,6835,45703,35735]
[16912,29200,33808,49152,0,0,16384,0,16384,57344]
[53792,33296,53264,23040,57216,432,4912,12320,8960,58128]
[0,128,2184,35008,16576,3072,2048,32896,0,0]
[45248,12936,30656,37320,16076,34828,51272,16456,8,34944]
[34816,16384,0,0,32768,32768,32768,32774,34825,51328]
[33992,33860,17632,49380,49902,58010,41778,43083,98,97]
[4642,4706,13926,20628,8708,8202,4232,6280,39112,39112]
[2901,28357,4096,8,13,0,0,0,28672,772]
[33800,4,34946,17604,59104,33190,1080,609,1648,1360]
[29456,17441,58929,38978,23619,56514,57506,54098,49222,44134]
[0,0,32768,53248,55296,7168,47232,59776,45952,27137]
[12544,33280,2176,34944,33920,33920,33928,17480,52928,45728]
[4104,4360,12552,13064,12952,14044,28689,8210,2,6]
[32768,34816,18432,51200,19456,27776,8896,12864,38656,36640]
[9294,13832,17984,20076,35086,24740,25166,25230,29354,16443]
[54912,33728,5088,250,58928,112,6835,45703,35735,49921]
[29200,33808,49152,0,0,16384,0,16384,57344,41984]
[33296,53264,23040,57216,432,4912,12320,8960,58128,14640]
[128,2184,35008,16576,3072,2048,32896,0,0,34816]
[35896,44708,9129,9131,17288,20436,272,400,400,33040]
[12936,30656,37320,16076,34828,51272,16456,8,34944,3200]
[16384,0,0,32768,32768,32768,32774,34825,51328,51200]
[33860,17632,49380,49902,58010,41778,43083,98,97,33]
[4706,13926,20628,8708,8202,4232,6280,39112,39112,32960]
[28357,4096,8,13,0,0,0,28672,772,4388]
[4,34946,17604,59104,33190,1080,609,1648,1360,3]
[17441,58929,38978,23619,56514,57506,54098,49222,44134,43014]
[0,32768,53248,55296,7168,47232,59776,45952,27137,43521]
[49164,49164,16396,12,12,32780,32780,32908,32985,19697]
[33280,2176,34944,33920,33920,33928,17480,52928,45728,25288]
[4360,12552,13064,12952,14044,28689,8210,2,6,12]
[34816,18432,51200,19456,27776,8896,12864,38656,36640,816]
[13832,17984,20076,35086,24740,25166,25230,29354,16443,632]
[33728,5088,250,58928,112,6835,45703,35735,49921,26401]
[33808,49152,0,0,16384,0,16384,57344,41984,46080]
[53264,23040,57216,432,4912,12320,8960,58128,14640,13496]
[44708,9129,9131,17288,20436,272,400,400,33040,33040]
[30656,37320,16076,34828,51272,16456,8,34944,3200,35912]
[0,0,32768,32768,32768,32774,34825,51328,51200,52224]
[17504,27744,34912,51673,4559,4883,512,0,0,0]
[13926,20628,8708,8202,4232,6280,39112,39112,32960,1152]
[4096,8,13,0,0,0,28672,772,4388,13092]
[34946,17604,59104,33190,1080,609,1648,1360,3,17]
[58929,38978,23619,56514,57506,54098,49222,44134,43014,35910]
[32768,53248,55296,7168,47232,59776,45952,27137,43521,43009]
[49164,16396,12,12,32780,32780,32908,32985,19697,256]
[2176,34944,33920,33920,33928,17480,52928,45728,25288,27340]
[12552,13064,12952,14044,28689,8210,2,6,12,135]
[18432,51200,19456,27776,8896,12864,38656,36640,816,8752]
[17984,20076,35086,24740,25166,25230,29354,16443,632,2032]
[5088,250,58928,112,6835,45703,35735,49921,26401,4290]
[49152,0,0,16384,0,16384,57344,41984,46080,11776]
[23040,57216,432,4912,12320,8960,58128,14640,13496,13501]
[9129,9131,17288,20436,272,400,400,33040,33040,49424]
[37320,16076,34828,51272,16456,8,34944,3200,35912,52296]
[0,32768,32768,32768,32774,34825,51328,51200,52224,9344]
[27744,34912,51673,4559,4883,512,0,0,0,8192]
[20628,8708,8202,4232,6280,39112,39112,32960,1152,2176]
[8,13,0,0,0,28672,772,4388,13092,17520]
[17604,59104,33190,1080,609,1648,1360,3,17,19]
[38978,23619,56514,57506,54098,49222,44134,43014,35910,1032]
[53248,55296,7168,47232,59776,45952,27137,43521,43009,41985]
[16396,12,12,32780,32780,32908,32985,19697,256,6]
[34944,33920,33920,33928,17480,52928,45728,25288,27340,41508]
[13064,12952,14044,28689,8210,2,6,12,135,232]
[51200,19456,27776,8896,12864,38656,36640,816,8752,9776]
[20076,35086,24740,25166,25230,29354,16443,632,2032,8601]
[250,58928,112,6835,45703,35735,49921,26401,4290,2122]
[0,0,16384,0,16384,57344,41984,46080,11776,44736]
[57216,432,4912,12320,8960,58128,14640,13496,13501,19461]
[9131,17288,20436,272,400,400,33040,33040,49424,58128]
[16076,34828,51272,16456,8,34944,3200,35912,52296,16968]
[32768,32768,32768,32774,34825,51328,51200,52224,9344,27776]
[34912,51673,4559,4883,512,0,0,0,8192,24576]
[8708,8202,4232,6280,39112,39112,32960,1152,2176,2184]
[13,0,0,0,28672,772,4388,13092,17520,3186]
[59104,33190,1080,609,1648,1360,3,17,19,34]
[23619,56514,57506,54098,49222,44134,43014,35910,1032,32901]
[55296,7168,47232,59776,45952,27137,43521,43009,41985,35840]
[12,12,32780,32780,32908,32985,19697,256,6,11]
[33920,33920,33928,17480,52928,45728,25288,27340,41508,17148]
[12952,14044,28689,8210,2,6,12,135,232,1089]
[19456,27776,8896,12864,38656,36640,816,8752,9776,42096]
[35086,24740,25166,25230,29354,16443,632,2032,8601,2867]
[58928,112,6835,45703,35735,49921,26401,4290,2122,6216]
[0,16384,0,16384,57344,41984,46080,11776,44736,12840]
[432,4912,12320,8960,58128,14640,13496,13501,19461,3296]
[34828,51272,16456,8,34944,3200,35912,52296,16968,36544]
[32768,32768,32774,34825,51328,51200,52224,9344,27776,57928]
[8202,4232,6280,39112,39112,32960,1152,2176,2184,2120]
[0,0,0,28672,772,4388,13092,17520,3186,3479]
[33190,1080,609,1648,1360,3,17,19,34,22]
[56514,57506,54098,49222,44134,43014,35910,1032,32901,13]
[7168,47232,59776,45952,27137,43521,43009,41985,35840,19585]
[12,32780,32780,32908,32985,19697,256,6,11,4099]
[33920,33928,17480,52928,45728,25288,27340,41508,17148,32784]
[14044,28689,8210,2,6,12,135,232,1089,35]
[27776,8896,12864,38656,36640,816,8752,9776,42096,8306]
[24740,25166,25230,29354,16443,632,2032,8601,2867,1540]
[112,6835,45703,35735,49921,26401,4290,2122,6216,6220]
[16384,0,16384,57344,41984,46080,11776,44736,12840,17984]
[4912,12320,8960,58128,14640,13496,13501,19461,3296,6701]
[51272,16456,8,34944,3200,35912,52296,16968,36544,33440]
[32768,32774,34825,51328,51200,52224,9344,27776,57928,27336]
[4232,6280,39112,39112,32960,1152,2176,2184,2120,2112]
[0,0,28672,772,4388,13092,17520,3186,3479,3735]
[47232,59776,45952,27137,43521,43009,41985,35840,19585,25793]
[32780,32780,32908,32985,19697,256,6,11,4099,8200]
[33928,17480,52928,45728,25288,27340,41508,17148,32784,38928]
[41984,41984,41984,41984,46080,65024,4416,6656,32768,34816]
[28689,8210,2,6,12,135,232,1089,35,39]
[8896,12864,38656,36640,816,8752,9776,42096,8306,1142]
[0,0,0,32768,32768,34816,51200,52224,9344,27776]
[25166,25230,29354,16443,632,2032,8601,2867,1540,368]
[6835,45703,35735,49921,26401,4290,2122,6216,6220,38988]
[0,16384,57344,41984,46080,11776,44736,12840,17984,52832]
[12320,8960,58128,14640,13496,13501,19461,3296,6701,5679]
[16456,8,34944,3200,35912,52296,16968,36544,33440,34880]
[32774,34825,51328,51200,52224,9344,27776,57928,27336,8844]
[6280,39112,39112,32960,1152,2176,2184,2120,2112,2176]
[0,28672,772,4388,13092,17520,3186,3479,3735,20365]
[59776,45952,27137,43521,43009,41985,35840,19585,25793,57580]
[32780,32908,32985,19697,256,6,11,4099,8200,9]
[17480,52928,45728,25288,27340,41508,17148,32784,38928,32785]
[22016,38400,38400,44544,43584,43584,43584,35520,32968,1228]
[41984,41984,41984,46080,65024,4416,6656,32768,34816,18432]
[8210,2,6,12,135,232,1089,35,39,100]
[12864,38656,36640,816,8752,9776,42096,8306,1142,1156]
[0,0,32768,32768,34816,51200,52224,9344,27776,58048]
[25230,29354,16443,632,2032,8601,2867,1540,368,312]
[45703,35735,49921,26401,4290,2122,6216,6220,38988,56386]
[16384,57344,41984,46080,11776,44736,12840,17984,52832,41120]
[8960,58128,14640,13496,13501,19461,3296,6701,5679,14219]
[8,34944,3200,35912,52296,16968,36544,33440,34880,17536]
[34825,51328,51200,52224,9344,27776,57928,27336,8844,13452]
[39112,39112,32960,1152,2176,2184,2120,2112,2176,16]
[28672,772,4388,13092,17520,3186,3479,3735,20365,51983]
[45952,27137,43521,43009,41985,35840,19585,25793,57580,57377]
[32908,32985,19697,256,6,11,4099,8200,9,17]
[52928,45728,25288,27340,41508,17148,32784,38928,32785,17]
[38400,38400,44544,43584,43584,43584,35520,32968,1228,1060]
[41984,41984,46080,65024,4416,6656,32768,34816,18432,49152]
[2,6,12,135,232,1089,35,39,100,108]
[38656,36640,816,8752,9776,42096,8306,1142,1156,204]
[0,32768,32768,34816,51200,52224,9344,27776,58048,25152]
[29354,16443,632,2032,8601,2867,1540,368,312,819]
[35735,49921,26401,4290,2122,6216,6220,38988,56386,4198]
[57344,41984,46080,11776,44736,12840,17984,52832,41120,16384]
[58128,14640,13496,13501,19461,3296,6701,5679,14219,17546]
[28808,63240,33120,34736,57472,49152,16384,0,0,32768]
[51328,51200,52224,9344,27776,57928,27336,8844,13452,7684]
[4100,4113,18,18,274,288,256,0,32768,49152]
[39112,32960,1152,2176,2184,2120,2112,2176,16,272]
[772,4388,13092,17520,3186,3479,3735,20365,51983,11022]
[27137,43521,43009,41985,35840,19585,25793,57580,57377,18951]
[32985,19697,256,6,11,4099,8200,9,17,27]
[38400,44544,43584,43584,43584,35520,32968,1228,1060,100]
[41984,46080,65024,4416,6656,32768,34816,18432,49152,34816]
[6,12,135,232,1089,35,39,100,108,224]
[32768,32768,34816,51200,52224,9344,27776,58048,25152,25088]
[49921,26401,4290,2122,6216,6220,38988,56386,4198,4704]
[14640,13496,13501,19461,3296,6701,5679,14219,17546,35976]
[63240,33120,34736,57472,49152,16384,0,0,32768,32768]
[51200,52224,9344,27776,57928,27336,8844,13452,7684,7724]
[0,0,8192,24576,4096,0,0,0,4096,36864]
[4113,18,18,274,288,256,0,32768,49152,49152]
[32960,1152,2176,2184,2120,2112,2176,16,272,273]
[4388,13092,17520,3186,3479,3735,20365,51983,11022,32525]
[43521,43009,41985,35840,19585,25793,57580,57377,18951,21510]
[19697,256,6,11,4099,8200,9,17,27,63]
[44544,43584,43584,43584,35520,32968,1228,1060,100,230]
[46080,65024,4416,6656,32768,34816,18432,49152,34816,6144]
[32768,34816,51200,52224,9344,27776,58048,25152,25088,5632]
[26401,4290,2122,6216,6220,38988,56386,4198,4704,13920]
[13496,13501,19461,3296,6701,5679,14219,17546,35976,33796]
[33120,34736,57472,49152,16384,0,0,32768,32768,49152]
[52224,9344,27776,57928,27336,8844,13452,7684,7724,3634]
[0,8192,24576,4096,0,0,0,4096,36864,30720]
[18,18,274,288,256,0,32768,49152,49152,18432]
[1152,2176,2184,2120,2112,2176,16,272,273,289]
[13092,17520,3186,3479,3735,20365,51983,11022,32525,4102]
[43009,41985,35840,19585,25793,57580,57377,18951,21510,55910]
[43584,43584,43584,35520,32968,1228,1060,100,230,1186]
[34816,51200,52224,9344,27776,58048,25152,25088,5632,4608]
[0,0,32768,32768,49152,49152,16384,10240,28672,29184]
[13501,19461,3296,6701,5679,14219,17546,35976,33796,32904]
[34736,57472,49152,16384,0,0,32768,32768,49152,51200]
[49152,49152,49152,49152,49154,49159,49186,50183,11330,12006]
[9344,27776,57928,27336,8844,13452,7684,7724,3634,12191]
[8192,24576,4096,0,0,0,4096,36864,30720,32512]
[18,274,288,256,0,32768,49152,49152,18432,51200]
[2176,2184,2120,2112,2176,16,272,273,289,4144]
[17520,3186,3479,3735,20365,51983,11022,32525,4102,32896]
[52224,9344,27776,43712,35520,192,2184,2240,3264,33864]
[41985,35840,19585,25793,57580,57377,18951,21510,55910,4504]
[6,11,4099,8200,9,17,27,63,260,0]
[43584,43584,35520,32968,1228,1060,100,230,1186,1058]
[0,32768,32768,49152,49152,16384,10240,28672,29184,1792]
[19461,3296,6701,5679,14219,17546,35976,33796,32904,16396]
[0,0,0,0,128,2184,2248,1092,2152,1220]
[57472,49152,16384,0,0,32768,32768,49152,51200,52224]
[49152,49152,49152,49154,49159,49186,50183,11330,12006,43290]
[27776,57928,27336,8844,13452,7684,7724,3634,12191,2305]
[24576,4096,0,0,0,4096,36864,30720,32512,2272]
[274,288,256,0,32768,49152,49152,18432,51200,3072]
[2184,2120,2112,2176,16,272,273,289,4144,12818]
[3186,3479,3735,20365,51983,11022,32525,4102,32896,32784]
[4,4,0,4,32768,32768,32768,2048,16384,24576]
[35840,19585,25793,57580,57377,18951,21510,55910,4504,4874]
[11,4099,8200,9,17,27,63,260,0,34816]
[0,0,0,0,8,12,14,70,110,170]
[32768,32768,49152,49152,16384,10240,28672,29184,1792,29216]
[37120,32768,49152,18432,18432,26624,52352,16448,2048,34816]
[3296,6701,5679,14219,17546,35976,33796,32904,16396,4232]
[0,0,0,128,2184,2248,1092,2152,1220,3308]
[49152,16384,0,0,32768,32768,49152,51200,52224,44032]
[49152,49152,49154,49159,49186,50183,11330,12006,43290,18288]
[4096,0,0,0,4096,36864,30720,32512,2272,2242]
[288,256,0,32768,49152,49152,18432,51200,3072,34944]
[2120,2112,2176,16,272,273,289,4144,12818,25139]
[3479,3735,20365,51983,11022,32525,4102,32896,32784,51216]
[19585,25793,57580,57377,18951,21510,55910,4504,4874,748]
[4099,8200,9,17,27,63,260,0,34816,34816]
[0,0,0,4,6,14,207,1,32768,32768]
[0,0,0,8,12,14,70,110,170,11]
[0,0,0,0,128,2184,2248,3148,3116,1068]
[32768,49152,49152,16384,10240,28672,29184,1792,29216,57344]
[32768,49152,18432,18432,26624,52352,16448,2048,34816,34816]
[0,0,16384,57344,17408,0,16384,57344,17408,57344]
[6701,5679,14219,17546,35976,33796,32904,16396,4232,12300]
[0,0,128,2184,2248,1092,2152,1220,3308,2602]
[16384,0,0,32768,32768,49152,51200,52224,44032,44160]
[49152,49154,49159,49186,50183,11330,12006,43290,18288,18770]
[27336,8844,13452,7684,7724,3634,12191,2305,32768,0]
[0,0,0,4096,36864,30720,32512,2272,2242,3268]
[256,0,32768,49152,49152,18432,51200,3072,34944,35968]
[2112,2176,16,272,273,289,4144,12818,25139,24644]
[3735,20365,51983,11022,32525,4102,32896,32784,51216,52360]
[1,1,32769,32769,32769,16521,139,221,18512,7824]
[25793,57580,57377,18951,21510,55910,4504,4874,748,2608]
[0,0,4,6,14,207,1,32768,32768,49152]
[0,0,8,12,14,70,110,170,11,15]
[0,0,0,128,2184,2248,3148,3116,1068,32938]
[49152,49152,16384,10240,28672,29184,1792,29216,57344,11264]
[49152,18432,18432,26624,52352,16448,2048,34816,34816,18568]
[0,16384,57344,17408,0,16384,57344,17408,57344,58368]
[5679,14219,17546,35976,33796,32904,16396,4232,12300,12424]
[0,128,2184,2248,1092,2152,1220,3308,2602,1204]
[0,0,32768,32768,49152,51200,52224,44032,44160,45248]
[49154,49159,49186,50183,11330,12006,43290,18288,18770,3154]
[8844,13452,7684,7724,3634,12191,2305,32768,0,4096]
[0,0,4096,36864,30720,32512,2272,2242,3268,3104]
[0,32768,49152,49152,18432,51200,3072,34944,35968,50368]
[2176,16,272,273,289,4144,12818,25139,24644,17950]
[20365,51983,11022,32525,4102,32896,32784,51216,52360,128]
[4,32768,32768,32768,2048,16384,24576,8192,0,0]
[1,32769,32769,32769,16521,139,221,18512,7824,1584]
[57580,57377,18951,21510,55910,4504,4874,748,2608,36606]
[0,8,12,14,70,110,170,11,15,239]
[0,0,128,2184,2248,3148,3116,1068,32938,35850]
[49152,16384,10240,28672,29184,1792,29216,57344,11264,23680]
[18432,18432,26624,52352,16448,2048,34816,34816,18568,19660]
[16384,57344,17408,0,16384,57344,17408,57344,58368,3584]
[14219,17546,35976,33796,32904,16396,4232,12300,12424,12556]
[128,2184,2248,1092,2152,1220,3308,2602,1204,3758]
[25094,61160,32,7,32821,36900,37128,6400,61696,50184]
[0,32768,32768,49152,51200,52224,44032,44160,45248,2560]
[49159,49186,50183,11330,12006,43290,18288,18770,3154,3778]
[13452,7684,7724,3634,12191,2305,32768,0,4096,12288]
[0,4096,36864,30720,32512,2272,2242,3268,3104,3136]
[32768,49152,49152,18432,51200,3072,34944,35968,50368,49864]
[16,272,273,289,4144,12818,25139,24644,17950,51096]
[51983,11022,32525,4102,32896,32784,51216,52360,128,9]
[32768,32768,32768,2048,16384,24576,8192,0,0,49152]
[32769,32769,32769,16521,139,221,18512,7824,1584,1632]
[57377,18951,21510,55910,4504,4874,748,2608,36606,33041]
[17,27,63,260,0,34816,34816,32768,0,0]
[8,12,14,70,110,170,11,15,239,1160]
[0,128,2184,2248,3148,3116,1068,32938,35850,1032]
[16384,10240,28672,29184,1792,29216,57344,11264,23680,30400]
[18432,26624,52352,16448,2048,34816,34816,18568,19660,16930]
[57344,17408,0,16384,57344,17408,57344,58368,3584,42048]
[0,0,0,32768,32768,34816,51200,19456,19584,17600]
[17546,35976,33796,32904,16396,4232,12300,12424,12556,8856]
[2184,2248,1092,2152,1220,3308,2602,1204,3758,18970]
[2032,8478,982,3984,28566,39318,3990,65286,0,39168]
[61160,32,7,32821,36900,37128,6400,61696,50184,50184]
[32768,32768,49152,51200,52224,44032,44160,45248,2560,2176]
[49186,50183,11330,12006,43290,18288,18770,3154,3778,19076]
[7684,7724,3634,12191,2305,32768,0,4096,12288,12296]
[4096,36864,30720,32512,2272,2242,3268,3104,3136,52288]
[49152,49152,18432,51200,3072,34944,35968,50368,49864,54237]
[272,273,289,4144,12818,25139,24644,17950,51096,4508]
[11022,32525,4102,32896,32784,51216,52360,128,9,49297]
[32768,32768,2048,16384,24576,8192,0,0,49152,57344]
[32769,32769,16521,139,221,18512,7824,1584,1632,1892]
[18951,21510,55910,4504,4874,748,2608,36606,33041,34874]
[12,14,70,110,170,11,15,239,1160,204]
[10240,28672,29184,1792,29216,57344,11264,23680,30400,224]
[26624,52352,16448,2048,34816,34816,18568,19660,16930,26224]
[17408,0,16384,57344,17408,57344,58368,3584,42048,19968]
[0,0,32768,32768,34816,51200,19456,19584,17600,34496]
[35976,33796,32904,16396,4232,12300,12424,12556,8856,14156]
[2248,1092,2152,1220,3308,2602,1204,3758,18970,20158]
[8478,982,3984,28566,39318,3990,65286,0,39168,39168]
[32,7,32821,36900,37128,6400,61696,50184,50184,1032]
[32768,49152,51200,52224,44032,44160,45248,2560,2176,51328]
[50183,11330,12006,43290,18288,18770,3154,3778,19076,18560]
[7724,3634,12191,2305,32768,0,4096,12288,12296,12437]
[36864,30720,32512,2272,2242,3268,3104,3136,52288,16960]
[49152,18432,51200,3072,34944,35968,50368,49864,54237,20484]
[273,289,4144,12818,25139,24644,17950,51096,4508,17010]
[32525,4102,32896,32784,51216,52360,128,9,49297,9372]
[32768,2048,16384,24576,8192,0,0,49152,57344,48128]
[32769,16521,139,221,18512,7824,1584,1632,1892,3460]
[21510,55910,4504,4874,748,2608,36606,33041,34874,3510]
[555,39,228,3296,33312,3072,34944,3072,34944,3072]
[14,70,110,170,11,15,239,1160,204,2114]
[28672,29184,1792,29216,57344,11264,23680,30400,224,1092]
[52352,16448,2048,34816,34816,18568,19660,16930,26224,82]
[0,16384,57344,17408,57344,58368,3584,42048,19968,40512]
[0,32768,32768,34816,51200,19456,19584,17600,34496,17120]
[33796,32904,16396,4232,12300,12424,12556,8856,14156,1036]
[32768,32768,0,32768,0,32768,0,32768,0,32768]
[1092,2152,1220,3308,2602,1204,3758,18970,20158,57617]
[982,3984,28566,39318,3990,65286,0,39168,39168,39312]
[7,32821,36900,37128,6400,61696,50184,50184,1032,34824]
[49152,51200,52224,44032,44160,45248,2560,2176,51328,8328]
[32768,0,32768,0,32768,0,32768,0,32768,0]
[3634,12191,2305,32768,0,4096,12288,12296,12437,9125]
[30720,32512,2272,2242,3268,3104,3136,52288,16960,17928]
[18432,51200,3072,34944,35968,50368,49864,54237,20484,34824]
[289,4144,12818,25139,24644,17950,51096,4508,17010,34880]
[4102,32896,32784,51216,52360,128,9,49297,9372,32557]
[2048,16384,24576,8192,0,0,49152,57344,48128,15872]
[16521,139,221,18512,7824,1584,1632,1892,3460,5166]
[32768,32768,32768,32768,0,32768,34816,51200,19456,27648]
[55910,4504,4874,748,2608,36606,33041,34874,3510,34079]
[5801,13995,26626,23809,52664,37171,49154,49153,49155,49157]
[70,110,170,11,15,239,1160,204,2114,2246]
[29184,1792,29216,57344,11264,23680,30400,224,1092,232]
[0,0,32768,49152,49152,49152,51200,19456,27648,11776]
[16384,57344,17408,57344,58368,3584,42048,19968,40512,43744]
[32768,32768,34816,51200,19456,19584,17600,34496,17120,2660]
[32904,16396,4232,12300,12424,12556,8856,14156,1036,204]
[32768,0,32768,0,32768,0,32768,0,32768,49152]
[3984,28566,39318,3990,65286,0,39168,39168,39312,38544]
[39616,45636,2918,35584,52224,17536,60416,10752,17408,49152]
[12191,2305,32768,0,4096,12288,12296,12437,9125,31623]
[32512,2272,2242,3268,3104,3136,52288,16960,17928,26176]
[51200,3072,34944,35968,50368,49864,54237,20484,34824,55296]
[4144,12818,25139,24644,17950,51096,4508,17010,34880,35846]
[32896,32784,51216,52360,128,9,49297,9372,32557,2061]
[16384,24576,8192,0,0,49152,57344,48128,15872,40896]
[139,221,18512,7824,1584,1632,1892,3460,5166,2603]
[32768,32768,32768,0,32768,34816,51200,19456,27648,3712]
[4504,4874,748,2608,36606,33041,34874,3510,34079,2591]
[13995,26626,23809,52664,37171,49154,49153,49155,49157,49154]
[228,3296,33312,3072,34944,3072,34944,3072,34944,3072]
[110,170,11,15,239,1160,204,2114,2246,3246]
[1792,29216,57344,11264,23680,30400,224,1092,232,1224]
[0,32768,49152,49152,49152,51200,19456,27648,11776,5696]
[57344,17408,57344,58368,3584,42048,19968,40512,43744,37796]
[32768,34816,51200,19456,19584,17600,34496,17120,2660,678]
[1220,3308,2602,1204,3758,18970,20158,57617,58805,0]
[28566,39318,3990,65286,0,39168,39168,39312,38544,63216]
[36900,37128,6400,61696,50184,50184,1032,34824,2056,0]
[2305,32768,0,4096,12288,12296,12437,9125,31623,2433]
[2272,2242,3268,3104,3136,52288,16960,17928,26176,26856]
[3072,34944,35968,50368,49864,54237,20484,34824,55296,36096]
[12818,25139,24644,17950,51096,4508,17010,34880,35846,19639]
[32784,51216,52360,128,9,49297,9372,32557,2061,195]
[24576,8192,0,0,49152,57344,48128,15872,40896,4360]
[221,18512,7824,1584,1632,1892,3460,5166,2603,19496]
[32768,32768,0,32768,34816,51200,19456,27648,3712,27776]
[4874,748,2608,36606,33041,34874,3510,34079,2591,264]
[2184,2240,36040,16388,0,4096,4096,32768,49152,34816]
[26626,23809,52664,37171,49154,49153,49155,49157,49154,49159]
[170,11,15,239,1160,204,2114,2246,3246,3115]
[29216,57344,11264,23680,30400,224,1092,232,1224,33860]
[32768,49152,49152,49152,51200,19456,27648,11776,5696,5740]
[17408,57344,58368,3584,42048,19968,40512,43744,37796,2868]
[34816,51200,19456,19584,17600,34496,17120,2660,678,1078]
[39318,3990,65286,0,39168,39168,39312,38544,63216,37023]
[0,2048,2176,34944,3072,2176,34944,33920,33920,33920]
[37128,6400,61696,50184,50184,1032,34824,2056,0,4104]
[2918,35584,52224,17536,60416,10752,17408,49152,49152,49152]
[32768,0,4096,12288,12296,12437,9125,31623,2433,2192]
[2242,3268,3104,3136,52288,16960,17928,26176,26856,18432]
[34944,35968,50368,49864,54237,20484,34824,55296,36096,60816]
[25139,24644,17950,51096,4508,17010,34880,35846,19639,16648]
[51216,52360,128,9,49297,9372,32557,2061,195,2295]
[33864,33864,33864,52300,546,49270,49240,34440,1032,0]
[8192,0,0,49152,57344,48128,15872,40896,4360,4352]
[18512,7824,1584,1632,1892,3460,5166,2603,19496,20105]
[32768,0,32768,34816,51200,19456,27648,3712,27776,10944]
[748,2608,36606,33041,34874,3510,34079,2591,264,25]
[2240,36040,16388,0,4096,4096,32768,49152,34816,34816]
[23809,52664,37171,49154,49153,49155,49157,49154,49159,49189]
[11,15,239,1160,204,2114,2246,3246,3115,3123]
[57344,11264,23680,30400,224,1092,232,1224,33860,33888]
[49152,49152,49152,51200,19456,27648,11776,5696,5740,5393]
[57344,58368,3584,42048,19968,40512,43744,37796,2868,63378]
[51200,19456,19584,17600,34496,17120,2660,678,1078,535]
[2602,1204,3758,18970,20158,57617,58805,0,16400,0]
[3990,65286,0,39168,39168,39312,38544,63216,37023,37023]
[2048,2176,34944,3072,2176,34944,33920,33920,33920,33928]
[6400,61696,50184,50184,1032,34824,2056,0,4104,4232]
[0,4096,12288,12296,12437,9125,31623,2433,2192,146]
[3268,3104,3136,52288,16960,17928,26176,26856,18432,34816]
[0,0,32768,32768,32768,51336,6344,5188,21224,20640]
[35968,50368,49864,54237,20484,34824,55296,36096,60816,12784]
[24644,17950,51096,4508,17010,34880,35846,19639,16648,35216]
[52360,128,9,49297,9372,32557,2061,195,2295,2560]
[33864,33864,52300,546,49270,49240,34440,1032,0,32768]
[0,0,49152,57344,48128,15872,40896,4360,4352,12544]
[7824,1584,1632,1892,3460,5166,2603,19496,20105,2722]
[0,32768,34816,51200,19456,27648,3712,27776,10944,12992]
[2608,36606,33041,34874,3510,34079,2591,264,25,25]
[52664,37171,49154,49153,49155,49157,49154,49159,49189,50229]
[15,239,1160,204,2114,2246,3246,3115,3123,3740]
[11264,23680,30400,224,1092,232,1224,33860,33888,1766]
[49152,49152,51200,19456,27648,11776,5696,5740,5393,4370]
[58368,3584,42048,19968,40512,43744,37796,2868,63378,32784]
[19456,19584,17600,34496,17120,2660,678,1078,535,83]
[2119,32837,34,32771,32899,32769,32769,32769,32769,3]
[65286,0,39168,39168,39312,38544,63216,37023,37023,2184]
[2176,34944,3072,2176,34944,33920,33920,33920,33928,17480]
[61696,50184,50184,1032,34824,2056,0,4104,4232,6403]
[52224,17536,60416,10752,17408,49152,49152,49152,34816,34816]
[0,32768,0,32768,0,32769,0,32768,0,32768]
[4096,12288,12296,12437,9125,31623,2433,2192,146,22]
[3104,3136,52288,16960,17928,26176,26856,18432,34816,34944]
[0,32768,32768,32768,51336,6344,5188,21224,20640,42496]
[50368,49864,54237,20484,34824,55296,36096,60816,12784,10479]
[17950,51096,4508,17010,34880,35846,19639,16648,35216,1424]
[128,9,49297,9372,32557,2061,195,2295,2560,18560]
[0,49152,57344,48128,15872,40896,4360,4352,12544,8960]
[1584,1632,1892,3460,5166,2603,19496,20105,2722,51362]
[32768,34816,51200,19456,27648,3712,27776,10944,12992,968]
[36606,33041,34874,3510,34079,2591,264,25,25,145]
[16388,0,4096,4096,32768,49152,34816,34816,128,0]
[37171,49154,49153,49155,49157,49154,49159,49189,50229,11349]
[239,1160,204,2114,2246,3246,3115,3123,3740,19990]
[0,0,0,0,1,17,274,307,4611,4128]
[23680,30400,224,1092,232,1224,33860,33888,1766,19091]
[49152,51200,19456,27648,11776,5696,5740,5393,4370,818]
[3584,42048,19968,40512,43744,37796,2868,63378,32784,32768]
[19584,17600,34496,17120,2660,678,1078,535,83,21]
[32837,34,32771,32899,32769,32769,32769,32769,3,18]
[0,39168,39168,39312,38544,63216,37023,37023,2184,204]
[34944,3072,2176,34944,33920,33920,33920,33928,17480,52928]
[50184,50184,1032,34824,2056,0,4104,4232,6403,8481]
[17536,60416,10752,17408,49152,49152,49152,34816,34816,18560]
[2176,2056,128,128,2184,2112,2053,34958,33794,32768]
[32768,0,32768,0,32769,0,32768,0,32768,4]
[12288,12296,12437,9125,31623,2433,2192,146,22,54]
[3136,52288,16960,17928,26176,26856,18432,34816,34944,3072]
[32768,32768,32768,51336,6344,5188,21224,20640,42496,34304]
[49864,54237,20484,34824,55296,36096,60816,12784,10479,11017]
[51096,4508,17010,34880,35846,19639,16648,35216,1424,9138]
[9,49297,9372,32557,2061,195,2295,2560,18560,50304]
[49152,57344,48128,15872,40896,4360,4352,12544,8960,17168]
[1632,1892,3460,5166,2603,19496,20105,2722,51362,49299]
[34816,51200,19456,27648,3712,27776,10944,12992,968,7916]
[33041,34874,3510,34079,2591,264,25,25,145,2065]
[0,4096,4096,32768,49152,34816,34816,128,0,8192]
[49154,49153,49155,49157,49154,49159,49189,50229,11349,11341]
[1160,204,2114,2246,3246,3115,3123,3740,19990,28180]
[0,0,0,1,17,274,307,4611,4128,4096]
[30400,224,1092,232,1224,33860,33888,1766,19091,18964]
[51200,19456,27648,11776,5696,5740,5393,4370,818,576]
[17600,34496,17120,2660,678,1078,535,83,21,33]
[54624,53600,22816,54528,39936,60416,43520,32768,49152,34816]
[39168,39168,39312,38544,63216,37023,37023,2184,204,452]
[3072,2176,34944,33920,33920,33920,33928,17480,52928,41632]
[50184,1032,34824,2056,0,4104,4232,6403,8481,8738]
[60416,10752,17408,49152,49152,49152,34816,34816,18560,19584]
[0,32768,0,32769,0,32768,0,32768,4,32782]
[12296,12437,9125,31623,2433,2192,146,22,54,236]
[52288,16960,17928,26176,26856,18432,34816,34944,3072,34816]
[32768,32768,51336,6344,5188,21224,20640,42496,34304,41984]
[54237,20484,34824,55296,36096,60816,12784,10479,11017,2023]
[4508,17010,34880,35846,19639,16648,35216,1424,9138,24706]
[49297,9372,32557,2061,195,2295,2560,18560,50304,1160]
[57344,48128,15872,40896,4360,4352,12544,8960,17168,17200]
[1892,3460,5166,2603,19496,20105,2722,51362,49299,33843]
[34874,3510,34079,2591,264,25,25,145,2065,2193]
[49153,49155,49157,49154,49159,49189,50229,11349,11341,44557]
[204,2114,2246,3246,3115,3123,3740,19990,28180,43272]
[224,1092,232,1224,33860,33888,1766,19091,18964,38496]
[19456,27648,11776,5696,5740,5393,4370,818,576,12]
[34496,17120,2660,678,1078,535,83,21,33,16]
[53600,22816,54528,39936,60416,43520,32768,49152,34816,49152]
[39168,39312,38544,63216,37023,37023,2184,204,452,484]
[2176,34944,33920,33920,33920,33928,17480,52928,41632,19264]
[1032,34824,2056,0,4104,4232,6403,8481,8738,36450]
[10752,17408,49152,49152,49152,34816,34816,18560,19584,3272]
[32768,0,32769,0,32768,0,32768,4,32782,74]
[12437,9125,31623,2433,2192,146,22,54,236,1186]
[16960,17928,26176,26856,18432,34816,34944,3072,34816,34944]
[17010,34880,35846,19639,16648,35216,1424,9138,24706,64666]
[9372,32557,2061,195,2295,2560,18560,50304,1160,201]
[48128,15872,40896,4360,4352,12544,8960,17168,17200,17441]
[3460,5166,2603,19496,20105,2722,51362,49299,33843,50771]
[34816,34816,34816,34816,2048,0,57344,11264,60544,4672]
[19456,27648,3712,27776,10944,12992,968,7916,16386,0]
[3510,34079,2591,264,25,25,145,2065,2193,2201]
[49155,49157,49154,49159,49189,50229,11349,11341,44557,43536]
[1092,232,1224,33860,33888,1766,19091,18964,38496,37234]
[27648,11776,5696,5740,5393,4370,818,576,12,4110]
[40512,43744,37796,2868,63378,32784,32768,32768,32768,32768]
[52224,52224,52224,52224,11264,60416,47616,43776,47872,6912]
[22816,54528,39936,60416,43520,32768,49152,34816,49152,59392]
[39312,38544,63216,37023,37023,2184,204,452,484,2034]
[34944,33920,33920,33920,33928,17480,52928,41632,19264,60128]
[34824,2056,0,4104,4232,6403,8481,8738,36450,8838]
[17408,49152,49152,49152,34816,34816,18560,19584,3272,3084]
[0,32769,0,32768,0,32768,4,32782,74,32846]
[9125,31623,2433,2192,146,22,54,236,1186,3244]
[17928,26176,26856,18432,34816,34944,3072,34816,34944,35968]
[34880,35846,19639,16648,35216,1424,9138,24706,64666,4152]
[32557,2061,195,2295,2560,18560,50304,1160,201,32963]
[15872,40896,4360,4352,12544,8960,17168,17200,17441,50721]
[5166,2603,19496,20105,2722,51362,49299,33843,50771,8388]
[34816,34816,34816,2048,0,57344,11264,60544,4672,12800]
[34079,2591,264,25,25,145,2065,2193,2201,209]
[49157,49154,49159,49189,50229,11349,11341,44557,43536,768]
[232,1224,33860,33888,1766,19091,18964,38496,37234,3398]
[11776,5696,5740,5393,4370,818,576,12,4110,6223]
[43744,37796,2868,63378,32784,32768,32768,32768,32768,49152]
[52224,52224,52224,11264,60416,47616,43776,47872,6912,528]
[2660,678,1078,535,83,21,33,16,2,0]
[54528,39936,60416,43520,32768,49152,34816,49152,59392,10240]
[38544,63216,37023,37023,2184,204,452,484,2034,8330]
[33920,33920,33920,33928,17480,52928,41632,19264,60128,41260]
[2056,0,4104,4232,6403,8481,8738,36450,8838,62759]
[49152,49152,49152,34816,34816,18560,19584,3272,3084,8]
[32769,0,32768,0,32768,4,32782,74,32846,225]
[31623,2433,2192,146,22,54,236,1186,3244,3125]
[26176,26856,18432,34816,34944,3072,34816,34944,35968,50368]
[35846,19639,16648,35216,1424,9138,24706,64666,4152,4634]
[2061,195,2295,2560,18560,50304,1160,201,32963,34025]
[40896,4360,4352,12544,8960,17168,17200,17441,50721,35425]
[2603,19496,20105,2722,51362,49299,33843,50771,8388,1230]
[34816,34816,2048,0,57344,11264,60544,4672,12800,21248]
[3712,27776,10944,12992,968,7916,16386,0,32768,0]
[2591,264,25,25,145,2065,2193,2201,209,51]
[49154,49159,49189,50229,11349,11341,44557,43536,768,2]
[0,32768,32768,34816,34816,34816,34944,35968,50248,9928]
[3246,3115,3123,3740,19990,28180,43272,17408,0,0]
[1224,33860,33888,1766,19091,18964,38496,37234,3398,17934]
[5696,5740,5393,4370,818,576,12,4110,6223,2063]
[37796,2868,63378,32784,32768,32768,32768,32768,49152,51200]
[52224,52224,11264,60416,47616,43776,47872,6912,528,16]
[39936,60416,43520,32768,49152,34816,49152,59392,10240,34816]
[63216,37023,37023,2184,204,452,484,2034,8330,192]
[33920,33920,33928,17480,52928,41632,19264,60128,41260,26468]
[0,4104,4232,6403,8481,8738,36450,8838,62759,39172]
[49152,49152,34816,34816,18560,19584,3272,3084,8,136]
[0,32768,0,32768,4,32782,74,32846,225,34023]
[2433,2192,146,22,54,236,1186,3244,3125,1924]
[26856,18432,34816,34944,3072,34816,34944,35968,50368,49864]
[19639,16648,35216,1424,9138,24706,64666,4152,4634,33386]
[195,2295,2560,18560,50304,1160,201,32963,34025,16945]
[4360,4352,12544,8960,17168,17200,17441,50721,35425,35427]
[19496,20105,2722,51362,49299,33843,50771,8388,1230,33795]
[34816,2048,0,57344,11264,60544,4672,12800,21248,37632]
[27776,10944,12992,968,7916,16386,0,32768,0,32768]
[49159,49189,50229,11349,11341,44557,43536,768,2,3]
[32768,32768,34816,34816,34816,34944,35968,50248,9928,45604]
[33860,33888,1766,19091,18964,38496,37234,3398,17934,1548]
[5740,5393,4370,818,576,12,4110,6223,2063,183]
[2868,63378,32784,32768,32768,32768,32768,49152,51200,9216]
[52224,11264,60416,47616,43776,47872,6912,528,16,24848]
[37023,37023,2184,204,452,484,2034,8330,192,2060]
[33920,33928,17480,52928,41632,19264,60128,41260,26468,39318]
[4104,4232,6403,8481,8738,36450,8838,62759,39172,12561]
[49152,34816,34816,18560,19584,3272,3084,8,136,2188]
[32768,0,32768,4,32782,74,32846,225,34023,49680]
[2192,146,22,54,236,1186,3244,3125,1924,14224]
[18432,34816,34944,3072,34816,34944,35968,50368,49864,49868]
[16648,35216,1424,9138,24706,64666,4152,4634,33386,696]
[2295,2560,18560,50304,1160,201,32963,34025,16945,1844]
[4352,12544,8960,17168,17200,17441,50721,35425,35427,35335]
[20105,2722,51362,49299,33843,50771,8388,1230,33795,34868]
[2048,0,57344,11264,60544,4672,12800,21248,37632,35584]
[0,0,32768,32768,16384,32768,32768,49152,18432,26624]
[49189,50229,11349,11341,44557,43536,768,2,3,5]
[32768,34816,34816,34816,34944,35968,50248,9928,45604,12900]
[33888,1766,19091,18964,38496,37234,3398,17934,1548,24612]
[63378,32784,32768,32768,32768,32768,49152,51200,9216,24576]
[37023,2184,204,452,484,2034,8330,192,2060,448]
[33928,17480,52928,41632,19264,60128,41260,26468,39318,40854]
[4232,6403,8481,8738,36450,8838,62759,39172,12561,8224]
[34816,34816,18560,19584,3272,3084,8,136,2188,5]
[0,32768,4,32782,74,32846,225,34023,49680,9744]
[146,22,54,236,1186,3244,3125,1924,14224,23760]
[34816,34944,3072,34816,34944,35968,50368,49864,49868,41508]
[35216,1424,9138,24706,64666,4152,4634,33386,696,1968]
[2560,18560,50304,1160,201,32963,34025,16945,1844,21888]
[12544,8960,17168,17200,17441,50721,35425,35427,35335,3202]
[2722,51362,49299,33843,50771,8388,1230,33795,34868,19708]
[0,57344,11264,60544,4672,12800,21248,37632,35584,19728]
[0,32768,32768,16384,32768,32768,49152,18432,26624,11264]
[50229,11349,11341,44557,43536,768,2,3,5,2]
[34816,34816,34816,34944,35968,50248,9928,45604,12900,12398]
[4370,818,576,12,4110,6223,2063,183,24,0]
[32784,32768,32768,32768,32768,49152,51200,9216,24576,57344]
[60416,47616,43776,47872,6912,528,16,24848,16400,0]
[0,0,0,32768,32768,34816,51200,19456,19584,17600]
[2184,204,452,484,2034,8330,192,2060,448,4508]
[17480,52928,41632,19264,60128,41260,26468,39318,40854,6]
[6403,8481,8738,36450,8838,62759,39172,12561,8224,24576]
[34816,18560,19584,3272,3084,8,136,2188,5,19]
[32768,4,32782,74,32846,225,34023,49680,9744,10032]
[22,54,236,1186,3244,3125,1924,14224,23760,57824]
[34944,3072,34816,34944,35968,50368,49864,49868,41508,41841]
[1424,9138,24706,64666,4152,4634,33386,696,1968,11396]
[18560,50304,1160,201,32963,34025,16945,1844,21888,38296]
[8960,17168,17200,17441,50721,35425,35427,35335,3202,19584]
[51362,49299,33843,50771,8388,1230,33795,34868,19708,16400]
[57344,11264,60544,4672,12800,21248,37632,35584,19728,64944]
[32768,32768,16384,32768,32768,49152,18432,26624,11264,17416]
[11349,11341,44557,43536,768,2,3,5,2,7]
[34816,34816,34944,35968,50248,9928,45604,12900,12398,13738]
[818,576,12,4110,6223,2063,183,24,0,4096]
[0,0,32768,32768,34816,51200,19456,19584,17600,34496]
[204,452,484,2034,8330,192,2060,448,4508,998]
[52928,41632,19264,60128,41260,26468,39318,40854,6,39312]
[18560,19584,3272,3084,8,136,2188,5,19,32820]
[4,32782,74,32846,225,34023,49680,9744,10032,37952]
[54,236,1186,3244,3125,1924,14224,23760,57824,29180]
[3072,34816,34944,35968,50368,49864,49868,41508,41841,45120]
[9138,24706,64666,4152,4634,33386,696,1968,11396,19720]
[50304,1160,201,32963,34025,16945,1844,21888,38296,15585]
[17168,17200,17441,50721,35425,35427,35335,3202,19584,17473]
[49299,33843,50771,8388,1230,33795,34868,19708,16400,49153]
[11264,60544,4672,12800,21248,37632,35584,19728,64944,32929]
[32768,16384,32768,32768,49152,18432,26624,11264,17416,2048]
[11341,44557,43536,768,2,3,5,2,7,39]
[34816,34944,35968,50248,9928,45604,12900,12398,13738,13754]
[32768,32768,32768,49152,51200,9216,24576,57344,44032,44032]
[0,32768,32768,34816,51200,19456,19584,17600,34496,17120]
[34816,49152,59392,10240,34816,2048,0,0,0,49152]
[452,484,2034,8330,192,2060,448,4508,998,2563]
[41632,19264,60128,41260,26468,39318,40854,6,39312,40848]
[8738,36450,8838,62759,39172,12561,8224,24576,32768,0]
[19584,3272,3084,8,136,2188,5,19,32820,52]
[32768,0,0,32768,32768,32768,16384,45056,24832,62208]
[32782,74,32846,225,34023,49680,9744,10032,37952,44546]
[236,1186,3244,3125,1924,14224,23760,57824,29180,53264]
[34816,34944,35968,50368,49864,49868,41508,41841,45120,7936]
[7,37,34,7,37,39,120,890,3072,34816]
[24706,64666,4152,4634,33386,696,1968,11396,19720,61272]
[1160,201,32963,34025,16945,1844,21888,38296,15585,61487]
[17200,17441,50721,35425,35427,35335,3202,19584,17473,34465]
[60544,4672,12800,21248,37632,35584,19728,64944,32929,29969]
[44557,43536,768,2,3,5,2,7,39,102]
[34944,35968,50248,9928,45604,12900,12398,13738,13754,17563]
[32768,32768,49152,51200,9216,24576,57344,44032,44032,35840]
[32768,32768,34816,51200,19456,19584,17600,34496,17120,2660]
[484,2034,8330,192,2060,448,4508,998,2563,4195]
[19264,60128,41260,26468,39318,40854,6,39312,40848,39312]
[1,0,1,0,1,2048,34945,3072,1,2048]
[4676,4964,9412,3809,19081,18566,3215,33792,34944,3072]
[3272,3084,8,136,2188,5,19,32820,52,40]
[0,0,32768,32768,32768,16384,45056,24832,62208,34817]
[74,32846,225,34023,49680,9744,10032,37952,44546,10785]
[34944,35968,50368,49864,49868,41508,41841,45120,7936,3824]
[64666,4152,4634,33386,696,1968,11396,19720,61272,32792]
[201,32963,34025,16945,1844,21888,38296,15585,61487,57390]
[17441,50721,35425,35427,35335,3202,19584,17473,34465,19233]
[50771,8388,1230,33795,34868,19708,16400,49153,49153,49153]
[4672,12800,21248,37632,35584,19728,64944,32929,29969,1025]
[43536,768,2,3,5,2,7,39,102,122]
[35968,50248,9928,45604,12900,12398,13738,13754,17563,32411]
[32768,49152,51200,9216,24576,57344,44032,44032,35840,3072]
[32768,34816,51200,19456,19584,17600,34496,17120,2660,678]
[2034,8330,192,2060,448,4508,998,2563,4195,4840]
[60128,41260,26468,39318,40854,6,39312,40848,39312,40856]
[0,1,0,1,2048,34945,3072,1,2048,34945]
[3084,8,136,2188,5,19,32820,52,40,28]
[32846,225,34023,49680,9744,10032,37952,44546,10785,13154]
[35968,50368,49864,49868,41508,41841,45120,7936,3824,57374]
[34,7,37,39,120,890,3072,34816,34816,34816]
[4152,4634,33386,696,1968,11396,19720,61272,32792,51336]
[32963,34025,16945,1844,21888,38296,15585,61487,57390,19384]
[50721,35425,35427,35335,3202,19584,17473,34465,19233,25441]
[8388,1230,33795,34868,19708,16400,49153,49153,49153,51201]
[32768,49152,18432,26624,11264,17416,2048,32776,0,0]
[768,2,3,5,2,7,39,102,122,634]
[50248,9928,45604,12900,12398,13738,13754,17563,32411,6297]
[49152,51200,9216,24576,57344,44032,44032,35840,3072,18560]
[34816,51200,19456,19584,17600,34496,17120,2660,678,1078]
[8330,192,2060,448,4508,998,2563,4195,4840,4779]
[41260,26468,39318,40854,6,39312,40848,39312,40856,32896]
[1,0,1,2048,34945,3072,1,2048,34945,33920]

