[32768,0,32768,34816,34816,34944]
[58880,896,35088,10512,9112,3812]
[38500,45188,52231,9236,25506,2084]
[62092,33294,51234,16455,35022,49186]
[0,0,0,256,4368,4624]
[9609,12028,10256,8,32904,34944]
[0,0,40960,57344,25600,26112]
[60416,8704,32768,18432,49152,59400]
[33120,1585,1602,1619,1600,36448]
[35840,3072,18560,19456,9216,26632]
[41984,41984,41984,44032,11264,44160]
[56964,37560,6832,10938,19106,64170]
[48704,6624,2532,2734,186,59]
[14601,13196,1699,20354,49924,50976]
[32768,32768,32768,16384,0,2048]
[2088,192,2184,34888,35912,35904]
[0,0,32776,32780,32780,49164]
[32768,0,0,0,32768,32768]
[58743,4100,2,15,37113,4192]
[49736,49736,49736,51776,10952,8708]
[22,52,34,18,2,0]
[32768,0,32768,34816,34816,34944,35968]
[58880,896,35088,10512,9112,3812,530]
[0,32768,0,32768,0,32768,0]
[38500,45188,52231,9236,25506,2084,35008]
[62092,33294,51234,16455,35022,49186,35843]
[0,0,0,256,4368,4624,4880]
[9609,12028,10256,8,32904,34944,52352]
[0,0,40960,57344,25600,26112,56832]
[60416,8704,32768,18432,49152,59400,40960]
[33120,1585,1602,1619,1600,36448,547]
[35840,3072,18560,19456,9216,26632,9224]
[41984,41984,41984,44032,11264,44160,8384]
[56964,37560,6832,10938,19106,64170,32936]
[20616,20757,22664,3276,62496,53248,22528]
[0,32768,0,32768,0,32768,0]
[48704,6624,2532,2734,186,59,113]
[14601,13196,1699,20354,49924,50976,361]
[32768,32768,32768,16384,0,2048,34816]
[2088,192,2184,34888,35912,35904,36032]
[32768,0,0,0,32768,32768,49152]
[58743,4100,2,15,37113,4192,526]
[49736,49736,49736,51776,10952,8708,40960]
[22,52,34,18,2,0,272]
[32768,0,32768,34816,34816,34944,35968,17480]
[58880,896,35088,10512,9112,3812,530,12590]
[38500,45188,52231,9236,25506,2084,35008,49344]
[62092,33294,51234,16455,35022,49186,35843,3298]
[0,0,0,256,4368,4624,4880,13104]
[9609,12028,10256,8,32904,34944,52352,8656]
[0,0,40960,57344,25600,26112,56832,6720]
[60416,8704,32768,18432,49152,59400,40960,16384]
[33120,1585,1602,1619,1600,36448,547,98]
[41984,41984,41984,44032,11264,44160,8384,9352]
[56964,37560,6832,10938,19106,64170,32936,36179]
[20616,20757,22664,3276,62496,53248,22528,53248]
[48704,6624,2532,2734,186,59,113,561]
[14601,13196,1699,20354,49924,50976,361,43872]
[2088,192,2184,34888,35912,35904,36032,41152]
[0,0,32776,32780,32780,49164,16396,32780]
[32768,0,0,0,32768,32768,49152,51200]
[58743,4100,2,15,37113,4192,526,4268]
[49736,49736,49736,51776,10952,8708,40960,32768]
[22,52,34,18,2,0,272,4113]
[32768,0,32768,34816,34816,34944,35968,17480,20040]
[58880,896,35088,10512,9112,3812,530,12590,12330]
[62092,33294,51234,16455,35022,49186,35843,3298,16939]
[0,0,0,256,4368,4624,4880,13104,9248]
[9609,12028,10256,8,32904,34944,52352,8656,9392]
[0,0,40960,57344,25600,26112,56832,6720,16064]
[33120,1585,1602,1619,1600,36448,547,98,96]
[41984,41984,41984,44032,11264,44160,8384,9352,9408]
[56964,37560,6832,10938,19106,64170,32936,36179,1344]
[20616,20757,22664,3276,62496,53248,22528,53248,53248]
[48704,6624,2532,2734,186,59,113,561,817]
[14601,13196,1699,20354,49924,50976,361,43872,33264]
[2088,192,2184,34888,35912,35904,36032,41152,43008]
[0,0,32776,32780,32780,49164,16396,32780,49164]
[32768,0,0,0,32768,32768,49152,51200,19456]
[58743,4100,2,15,37113,4192,526,4268,4490]
[49736,49736,49736,51776,10952,8708,40960,32768,49152]
[32768,0,32768,34816,34816,34944,35968,17480,20040,8744]
[58880,896,35088,10512,9112,3812,530,12590,12330,13002]
[62092,33294,51234,16455,35022,49186,35843,3298,16939,34471]
[0,0,0,256,4368,4624,4880,13104,9248,5648]
[9609,12028,10256,8,32904,34944,52352,8656,9392,13809]
[0,0,40960,57344,25600,26112,56832,6720,16064,2208]
[33120,1585,1602,1619,1600,36448,547,98,96,7]
[41984,41984,41984,44032,11264,44160,8384,9352,9408,26184]
[56964,37560,6832,10938,19106,64170,32936,36179,1344,60076]
[20616,20757,22664,3276,62496,53248,22528,53248,53248,12288]
[48704,6624,2532,2734,186,59,113,561,817,771]
[14601,13196,1699,20354,49924,50976,361,43872,33264,510]
[2088,192,2184,34888,35912,35904,36032,41152,43008,17408]
[0,0,32776,32780,32780,49164,16396,32780,49164,51332]
[32768,0,0,0,32768,32768,49152,51200,19456,25728]
[58743,4100,2,15,37113,4192,526,4268,4490,8640]
[0,32768,34816,34816,34944,35968,17480,20040,8744,18240]
[0,36864,4096,4096,53248,33025,32784,32768,49152,34816]
[896,35088,10512,9112,3812,530,12590,12330,13002,19114]
[33294,51234,16455,35022,49186,35843,3298,16939,34471,49679]
[0,0,256,4368,4624,4880,13104,9248,5648,12848]
[12028,10256,8,32904,34944,52352,8656,9392,13809,4292]
[1585,1602,1619,1600,36448,547,98,96,7,37]
[41984,41984,44032,11264,44160,8384,9352,9408,26184,104]
[37560,6832,10938,19106,64170,32936,36179,1344,60076,14896]
[20757,22664,3276,62496,53248,22528,53248,53248,12288,24832]
[6624,2532,2734,186,59,113,561,817,771,257]
[13196,1699,20354,49924,50976,361,43872,33264,510,11520]
[192,2184,34888,35912,35904,36032,41152,43008,17408,18432]
[0,32776,32780,32780,49164,16396,32780,49164,51332,16580]
[0,0,0,32768,32768,49152,51200,19456,25728,26240]
[4100,2,15,37113,4192,526,4268,4490,8640,13828]
[49736,49736,51776,10952,8708,40960,32768,49152,16384,0]
[32768,34816,34816,34944,35968,17480,20040,8744,18240,19520]
[36864,4096,4096,53248,33025,32784,32768,49152,34816,32768]
[35088,10512,9112,3812,530,12590,12330,13002,19114,35498]
[52231,9236,25506,2084,35008,49344,36864,0,0,0]
[51234,16455,35022,49186,35843,3298,16939,34471,49679,50335]
[0,256,4368,4624,4880,13104,9248,5648,12848,9249]
[10256,8,32904,34944,52352,8656,9392,13809,4292,37068]
[1602,1619,1600,36448,547,98,96,7,37,34]
[41984,44032,11264,44160,8384,9352,9408,26184,104,76]
[6832,10938,19106,64170,32936,36179,1344,60076,14896,28787]
[22664,3276,62496,53248,22528,53248,53248,12288,24832,25352]
[1699,20354,49924,50976,361,43872,33264,510,11520,61200]
[2184,34888,35912,35904,36032,41152,43008,17408,18432,57344]
[32776,32780,32780,49164,16396,32780,49164,51332,16580,1092]
[0,0,32768,32768,49152,51200,19456,25728,26240,704]
[2,15,37113,4192,526,4268,4490,8640,13828,22368]
[49736,51776,10952,8708,40960,32768,49152,16384,0,32768]
[34816,34816,34944,35968,17480,20040,8744,18240,19520,17984]
[4096,4096,53248,33025,32784,32768,49152,34816,32768,49153]
[10512,9112,3812,530,12590,12330,13002,19114,35498,14370]
[9236,25506,2084,35008,49344,36864,0,0,0,4096]
[16455,35022,49186,35843,3298,16939,34471,49679,50335,17936]
[256,4368,4624,4880,13104,9248,5648,12848,9249,1841]
[8,32904,34944,52352,8656,9392,13809,4292,37068,21836]
[1619,1600,36448,547,98,96,7,37,34,7]
[44032,11264,44160,8384,9352,9408,26184,104,76,68]
[10938,19106,64170,32936,36179,1344,60076,14896,28787,12352]
[4096,0,0,8192,24576,20480,0,16384,20480,53248]
[3276,62496,53248,22528,53248,53248,12288,24832,25352,18184]
[20354,49924,50976,361,43872,33264,510,11520,61200,200]
[34888,35912,35904,36032,41152,43008,17408,18432,57344,15360]
[8264,0,0,4096,0,4097,12289,8209,272,32771]
[32780,32780,49164,16396,32780,49164,51332,16580,1092,100]
[0,32768,32768,49152,51200,19456,25728,26240,704,27848]
[15,37113,4192,526,4268,4490,8640,13828,22368,22608]
[51776,10952,8708,40960,32768,49152,16384,0,32768,34816]
[34816,34944,35968,17480,20040,8744,18240,19520,17984,28256]
[4096,53248,33025,32784,32768,49152,34816,32768,49153,18433]
[9112,3812,530,12590,12330,13002,19114,35498,14370,26182]
[25506,2084,35008,49344,36864,0,0,0,4096,256]
[35022,49186,35843,3298,16939,34471,49679,50335,17936,3616]
[4368,4624,4880,13104,9248,5648,12848,9249,1841,13378]
[32904,34944,52352,8656,9392,13809,4292,37068,21836,19788]
[35840,52352,16584,33984,33856,1156,196,64,32910,32780]
[1600,36448,547,98,96,7,37,34,7,37]
[11264,44160,8384,9352,9408,26184,104,76,68,4]
[19106,64170,32936,36179,1344,60076,14896,28787,12352,8704]
[0,0,8192,24576,20480,0,16384,20480,53248,53248]
[62496,53248,22528,53248,53248,12288,24832,25352,18184,51040]
[49924,50976,361,43872,33264,510,11520,61200,200,34880]
[35912,35904,36032,41152,43008,17408,18432,57344,15360,40448]
[0,0,4096,0,4097,12289,8209,272,32771,32771]
[32780,49164,16396,32780,49164,51332,16580,1092,100,230]
[32768,32768,49152,51200,19456,25728,26240,704,27848,8204]
[37113,4192,526,4268,4490,8640,13828,22368,22608,19456]
[10952,8708,40960,32768,49152,16384,0,32768,34816,18432]
[34944,35968,17480,20040,8744,18240,19520,17984,28256,8497]
[53248,33025,32784,32768,49152,34816,32768,49153,18433,18435]
[3812,530,12590,12330,13002,19114,35498,14370,26182,6286]
[49186,35843,3298,16939,34471,49679,50335,17936,3616,10032]
[4624,4880,13104,9248,5648,12848,9249,1841,13378,13664]
[34944,52352,8656,9392,13809,4292,37068,21836,19788,7180]
[52352,16584,33984,33856,1156,196,64,32910,32780,32780]
[36448,547,98,96,7,37,34,7,37,38]
[64170,32936,36179,1344,60076,14896,28787,12352,8704,24832]
[0,8192,24576,20480,0,16384,20480,53248,53248,55296]
[53248,22528,53248,53248,12288,24832,25352,18184,51040,53588]
[50976,361,43872,33264,510,11520,61200,200,34880,52352]
[35904,36032,41152,43008,17408,18432,57344,15360,40448,3648]
[0,4096,0,4097,12289,8209,272,32771,32771,2067]
[49164,16396,32780,49164,51332,16580,1092,100,230,1184]
[4192,526,4268,4490,8640,13828,22368,22608,19456,56320]
[8708,40960,32768,49152,16384,0,32768,34816,18432,24576]
[35968,17480,20040,8744,18240,19520,17984,28256,8497,290]
[33025,32784,32768,49152,34816,32768,49153,18433,18435,18449]
[35843,3298,16939,34471,49679,50335,17936,3616,10032,29776]
[52352,8656,9392,13809,4292,37068,21836,19788,7180,4096]
[16584,33984,33856,1156,196,64,32910,32780,32780,32904]
[547,98,96,7,37,34,7,37,38,105]
[32936,36179,1344,60076,14896,28787,12352,8704,24832,13056]
[2240,3264,33856,33920,3072,34944,33920,33792,49152,34816]
[8192,24576,20480,0,16384,20480,53248,53248,55296,27648]
[22528,53248,53248,12288,24832,25352,18184,51040,53588,17666]
[36032,41152,43008,17408,18432,57344,15360,40448,3648,12000]
[4096,0,4097,12289,8209,272,32771,32771,2067,52]
[16396,32780,49164,51332,16580,1092,100,230,1184,3266]
[526,4268,4490,8640,13828,22368,22608,19456,56320,40448]
[0,0,0,0,2048,34944,35968,50368,58056,41924]
[17480,20040,8744,18240,19520,17984,28256,8497,290,48]
[49344,36864,0,0,0,4096,256,8192,0,0]
[3298,16939,34471,49679,50335,17936,3616,10032,29776,64544]
[8656,9392,13809,4292,37068,21836,19788,7180,4096,28672]
[0,0,8192,0,32768,32768,32768,0,32768,49152]
[24576,20480,0,16384,20480,53248,53248,55296,27648,28288]
[53248,53248,12288,24832,25352,18184,51040,53588,17666,23088]
[43872,33264,510,11520,61200,200,34880,52352,64,0]
[41152,43008,17408,18432,57344,15360,40448,3648,12000,10660]
[0,0,32768,0,0,0,2048,34944,33920,1152]
[0,4097,12289,8209,272,32771,32771,2067,52,2236]
[4268,4490,8640,13828,22368,22608,19456,56320,40448,40768]
[0,0,0,2048,34944,35968,50368,58056,41924,41796]
[36864,0,0,0,4096,256,8192,0,0,4368]
[16939,34471,49679,50335,17936,3616,10032,29776,64544,6464]
[33856,1156,196,64,32910,32780,32780,32904,32776,0]
[0,0,0,0,16384,24576,57344,37888,57344,62464]
[0,8192,0,32768,32768,32768,0,32768,49152,51200]
[20480,0,16384,20480,53248,53248,55296,27648,28288,4736]
[53248,12288,24832,25352,18184,51040,53588,17666,23088,36976]
[33264,510,11520,61200,200,34880,52352,64,0,8]
[43008,17408,18432,57344,15360,40448,3648,12000,10660,932]
[4097,12289,8209,272,32771,32771,2067,52,2236,35873]
[4490,8640,13828,22368,22608,19456,56320,40448,40768,6592]
[49152,16384,0,32768,34816,18432,24576,32768,0,0]
[0,0,2048,34944,35968,50368,58056,41924,41796,58184]
[0,0,0,4096,256,8192,0,0,4368,20993]
[34471,49679,50335,17936,3616,10032,29776,64544,6464,47616]
[1156,196,64,32910,32780,32780,32904,32776,0,1]
[0,0,0,16384,24576,57344,37888,57344,62464,1024]
[0,16384,20480,53248,53248,55296,27648,28288,4736,14464]
[12288,24832,25352,18184,51040,53588,17666,23088,36976,25890]
[510,11520,61200,200,34880,52352,64,0,8,128]
[17408,18432,57344,15360,40448,3648,12000,10660,932,1844]
[12289,8209,272,32771,32771,2067,52,2236,35873,52323]
[51332,16580,1092,100,230,1184,3266,1056,0,0]
[8640,13828,22368,22608,19456,56320,40448,40768,6592,16064]
[0,2048,34944,35968,50368,58056,41924,41796,58184,360]
[0,0,4096,256,8192,0,0,4368,20993,21008]
[49679,50335,17936,3616,10032,29776,64544,6464,47616,47616]
[196,64,32910,32780,32780,32904,32776,0,1,32897]
[16384,20480,53248,53248,55296,27648,28288,4736,14464,3200]
[24832,25352,18184,51040,53588,17666,23088,36976,25890,38256]
[18432,57344,15360,40448,3648,12000,10660,932,1844,9490]
[8209,272,32771,32771,2067,52,2236,35873,52323,16528]
[13828,22368,22608,19456,56320,40448,40768,6592,16064,2208]
[2048,34944,35968,50368,58056,41924,41796,58184,360,616]
[0,4096,256,8192,0,0,4368,20993,21008,16913]
[50335,17936,3616,10032,29776,64544,6464,47616,47616,47872]
[64,32910,32780,32780,32904,32776,0,1,32897,51209]
[20480,53248,53248,55296,27648,28288,4736,14464,3200,33984]
[25352,18184,51040,53588,17666,23088,36976,25890,38256,40274]
[32768,32768,32768,0,2048,0,0,256,4352,2320]
[57344,15360,40448,3648,12000,10660,932,1844,9490,8464]
[272,32771,32771,2067,52,2236,35873,52323,16528,1]
[22368,22608,19456,56320,40448,40768,6592,16064,2208,3264]
[34944,35968,50368,58056,41924,41796,58184,360,616,1634]
[24644,9732,13920,39014,15014,697,4025,4352,0,32768]
[4096,256,8192,0,0,4368,20993,21008,16913,17201]
[17936,3616,10032,29776,64544,6464,47616,47616,47872,35584]
[32910,32780,32780,32904,32776,0,1,32897,51209,3209]
[53248,53248,55296,27648,28288,4736,14464,3200,33984,50376]
[18184,51040,53588,17666,23088,36976,25890,38256,40274,40402]
[32768,32768,0,2048,0,0,256,4352,2320,34961]
[22608,19456,56320,40448,40768,6592,16064,2208,3264,33864]
[35968,50368,58056,41924,41796,58184,360,616,1634,1690]
[9732,13920,39014,15014,697,4025,4352,0,32768,32768]
[256,8192,0,0,4368,20993,21008,16913,17201,17410]
[3616,10032,29776,64544,6464,47616,47616,47872,35584,3328]
[32780,32780,32904,32776,0,1,32897,51209,3209,52227]
[0,0,0,32768,0,32768,0,32768,32768,49152]
[91,2132,2429,35848,17484,3694,18969,20337,20480,34816]
[53248,55296,27648,28288,4736,14464,3200,33984,50376,8780]
[51040,53588,17666,23088,36976,25890,38256,40274,40402,32903]
[32768,0,2048,0,0,256,4352,2320,34961,33937]
[50368,58056,41924,41796,58184,360,616,1634,1690,1691]
[13920,39014,15014,697,4025,4352,0,32768,32768,49152]
[8192,0,0,4368,20993,21008,16913,17201,17410,49152]
[10032,29776,64544,6464,47616,47616,47872,35584,3328,2176]
[32780,32904,32776,0,1,32897,51209,3209,52227,17522]
[0,0,32768,0,32768,0,32768,32768,49152,51200]
[2132,2429,35848,17484,3694,18969,20337,20480,34816,34816]
[55296,27648,28288,4736,14464,3200,33984,50376,8780,3684]
[53588,17666,23088,36976,25890,38256,40274,40402,32903,63735]
[0,2048,0,0,256,4352,2320,34961,33937,36017]
[58056,41924,41796,58184,360,616,1634,1690,1691,3611]
[39014,15014,697,4025,4352,0,32768,32768,49152,34816]
[29776,64544,6464,47616,47616,47872,35584,3328,2176,14464]
[32904,32776,0,1,32897,51209,3209,52227,17522,25680]
[0,32768,0,32768,0,32768,32768,49152,51200,3072]
[2429,35848,17484,3694,18969,20337,20480,34816,34816,49152]
[27648,28288,4736,14464,3200,33984,50376,8780,3684,18950]
[17666,23088,36976,25890,38256,40274,40402,32903,63735,8]
[2048,0,0,256,4352,2320,34961,33937,36017,16953]
[41924,41796,58184,360,616,1634,1690,1691,3611,19996]
[15014,697,4025,4352,0,32768,32768,49152,34816,34816]
[64544,6464,47616,47616,47872,35584,3328,2176,14464,13440]
[18432,18432,30720,32256,2496,36032,4168,136,32904,136]
[32776,0,1,32897,51209,3209,52227,17522,25680,60448]
[32768,0,32768,0,32768,32768,49152,51200,3072,2176]
[35848,17484,3694,18969,20337,20480,34816,34816,49152,51201]
[28288,4736,14464,3200,33984,50376,8780,3684,18950,52260]
[23088,36976,25890,38256,40274,40402,32903,63735,8,34959]
[0,0,256,4352,2320,34961,33937,36017,16953,18019]
[0,8,0,8,136,136,2184,2240,3264,33984]
[41796,58184,360,616,1634,1690,1691,3611,19996,60947]
[697,4025,4352,0,32768,32768,49152,34816,34816,51328]
[4368,20993,21008,16913,17201,17410,49152,49152,49152,49152]
[6464,47616,47616,47872,35584,3328,2176,14464,13440,13952]
[18432,30720,32256,2496,36032,4168,136,32904,136,32904]
[0,1,32897,51209,3209,52227,17522,25680,60448,10304]
[17484,3694,18969,20337,20480,34816,34816,49152,51201,3073]
[4736,14464,3200,33984,50376,8780,3684,18950,52260,43686]
[0,256,4352,2320,34961,33937,36017,16953,18019,27022]
[58184,360,616,1634,1690,1691,3611,19996,60947,41220]
[47616,47616,47872,35584,3328,2176,14464,13440,13952,1984]
[30720,32256,2496,36032,4168,136,32904,136,32904,32904]
[1,32897,51209,3209,52227,17522,25680,60448,10304,52224]
[3694,18969,20337,20480,34816,34816,49152,51201,3073,2177]
[14464,3200,33984,50376,8780,3684,18950,52260,43686,43954]
[256,4352,2320,34961,33937,36017,16953,18019,27022,27438]
[360,616,1634,1690,1691,3611,19996,60947,41220,59664]
[21008,16913,17201,17410,49152,49152,49152,49152,16384,0]
[47616,47872,35584,3328,2176,14464,13440,13952,1984,5832]
[32256,2496,36032,4168,136,32904,136,32904,32904,2184]
[32897,51209,3209,52227,17522,25680,60448,10304,52224,9216]
[18969,20337,20480,34816,34816,49152,51201,3073,2177,18575]
[3200,33984,50376,8780,3684,18950,52260,43686,43954,14466]
[4352,2320,34961,33937,36017,16953,18019,27022,27438,14344]
[2258,3568,136,2184,200,68,0,0,32768,0]
[616,1634,1690,1691,3611,19996,60947,41220,59664,10512]
[32768,32768,32768,32768,32776,32780,34820,34823,33020,817]
[47872,35584,3328,2176,14464,13440,13952,1984,5832,1580]
[2496,36032,4168,136,32904,136,32904,32904,2184,2248]
[51209,3209,52227,17522,25680,60448,10304,52224,9216,24576]
[20337,20480,34816,34816,49152,51201,3073,2177,18575,19488]
[33984,50376,8780,3684,18950,52260,43686,43954,14466,7381]
[2320,34961,33937,36017,16953,18019,27022,27438,14344,53384]
[49153,49153,49153,49153,49155,49175,49176,49169,49170,49174]
[0,0,0,32768,32768,49152,51200,11264,11392,9408]
[1634,1690,1691,3611,19996,60947,41220,59664,10512,10776]
[32768,32768,32768,32776,32780,34820,34823,33020,817,520]
[35584,3328,2176,14464,13440,13952,1984,5832,1580,11820]
[36032,4168,136,32904,136,32904,32904,2184,2248,3148]
[41984,41984,9216,24576,0,0,0,4,12,14]
[2214,1207,1688,1724,1950,10142,30106,23963,56587,36107]
[20480,34816,34816,49152,51201,3073,2177,18575,19488,3776]
[50376,8780,3684,18950,52260,43686,43954,14466,7381,36125]
[34961,33937,36017,16953,18019,27022,27438,14344,53384,25869]
[49153,49153,49153,49155,49175,49176,49169,49170,49174,49204]
[16384,57344,50176,3072,2048,0,32768,32768,32768,0]
[0,0,32768,32768,49152,51200,11264,11392,9408,26312]
[273,289,291,4387,803,835,578,96,2048,32768]
[1690,1691,3611,19996,60947,41220,59664,10512,10776,11984]
[32768,32768,32776,32780,34820,34823,33020,817,520,6]
[3328,2176,14464,13440,13952,1984,5832,1580,11820,8996]
[4168,136,32904,136,32904,32904,2184,2248,3148,35884]
[41984,9216,24576,0,0,0,4,12,14,78]
[0,0,0,32768,32768,49152,18432,51200,9344,27776]
[1207,1688,1724,1950,10142,30106,23963,56587,36107,36107]
[34816,34816,49152,51201,3073,2177,18575,19488,3776,35488]
[8780,3684,18950,52260,43686,43954,14466,7381,36125,1821]
[33937,36017,16953,18019,27022,27438,14344,53384,25869,3414]
[49153,49153,49155,49175,49176,49169,49170,49174,49204,50992]
[57344,50176,3072,2048,0,32768,32768,32768,0,12288]
[0,32768,32768,49152,51200,11264,11392,9408,26312,4140]
[1691,3611,19996,60947,41220,59664,10512,10776,11984,28]
[32768,32776,32780,34820,34823,33020,817,520,6,10]
[2176,14464,13440,13952,1984,5832,1580,11820,8996,1910]
[136,32904,136,32904,32904,2184,2248,3148,35884,52268]
[9216,24576,0,0,0,4,12,14,78,234]
[0,0,32768,32768,49152,18432,51200,9344,27776,4680]
[1688,1724,1950,10142,30106,23963,56587,36107,36107,1290]
[0,0,0,32768,32768,49152,34816,2048,34944,35968]
[34816,49152,51201,3073,2177,18575,19488,3776,35488,18449]
[3684,18950,52260,43686,43954,14466,7381,36125,1821,19225]
[36017,16953,18019,27022,27438,14344,53384,25869,3414,1284]
[49153,49155,49175,49176,49169,49170,49174,49204,50992,39234]
[50176,3072,2048,0,32768,32768,32768,0,12288,12544]
[32768,32768,49152,51200,11264,11392,9408,26312,4140,41036]
[32776,32780,34820,34823,33020,817,520,6,10,4]
[14464,13440,13952,1984,5832,1580,11820,8996,1910,1281]
[32904,136,32904,32904,2184,2248,3148,35884,52268,16930]
[24576,0,0,0,4,12,14,78,234,1195]
[0,32768,32768,49152,18432,51200,9344,27776,4680,13000]
[1724,1950,10142,30106,23963,56587,36107,36107,1290,22769]
[0,0,32768,32768,49152,34816,2048,34944,35968,52416]
[49152,51201,3073,2177,18575,19488,3776,35488,18449,34835]
[18950,52260,43686,43954,14466,7381,36125,1821,19225,30559]
[16953,18019,27022,27438,14344,53384,25869,3414,1284,24746]
[49155,49175,49176,49169,49170,49174,49204,50992,39234,65398]
[32768,49152,51200,11264,11392,9408,26312,4140,41036,19524]
[0,0,8,8,132,140,2114,2240,33864,33864]
[34816,51328,128,0,0,0,0,8,12,6]
[13440,13952,1984,5832,1580,11820,8996,1910,1281,32]
[136,32904,32904,2184,2248,3148,35884,52268,16930,50806]
[0,0,0,4,12,14,78,234,1195,1208]
[32768,32768,49152,18432,51200,9344,27776,4680,13000,15172]
[1950,10142,30106,23963,56587,36107,36107,1290,22769,20576]
[0,32768,32768,49152,34816,2048,34944,35968,52416,16968]
[51201,3073,2177,18575,19488,3776,35488,18449,34835,34864]
[52260,43686,43954,14466,7381,36125,1821,19225,30559,38913]
[18019,27022,27438,14344,53384,25869,3414,1284,24746,27162]
[49152,51200,11264,11392,9408,26312,4140,41036,19524,5734]
[0,8,8,132,140,2114,2240,33864,33864,1096]
[13952,1984,5832,1580,11820,8996,1910,1281,32,6]
[32904,32904,2184,2248,3148,35884,52268,16930,50806,8465]
[0,0,4,12,14,78,234,1195,1208,1696]
[32768,49152,18432,51200,9344,27776,4680,13000,15172,33221]
[10142,30106,23963,56587,36107,36107,1290,22769,20576,21506]
[32768,32768,49152,34816,2048,34944,35968,52416,16968,50888]
[0,4096,4352,12544,8704,24576,24832,29440,17408,49152]
[3073,2177,18575,19488,3776,35488,18449,34835,34864,3072]
[0,32768,32768,0,0,0,8,136,140,2112]
[43686,43954,14466,7381,36125,1821,19225,30559,38913,34945]
[27022,27438,14344,53384,25869,3414,1284,24746,27162,27190]
[51200,11264,11392,9408,26312,4140,41036,19524,5734,40208]
[8,8,132,140,2114,2240,33864,33864,1096,32960]
[32877,33900,50732,57900,27430,39303,40094,1542,0,32768]
[1984,5832,1580,11820,8996,1910,1281,32,6,14]
[32904,2184,2248,3148,35884,52268,16930,50806,8465,58163]
[0,4,12,14,78,234,1195,1208,1696,1570]
[49152,18432,51200,9344,27776,4680,13000,15172,33221,52417]
[30106,23963,56587,36107,36107,1290,22769,20576,21506,11165]
[32768,49152,34816,2048,34944,35968,52416,16968,50888,41508]
[2177,18575,19488,3776,35488,18449,34835,34864,3072,34944]
[32768,32768,0,0,0,8,136,140,2112,2056]
[43954,14466,7381,36125,1821,19225,30559,38913,34945,1169]
[49169,49170,49174,49204,50992,39234,65398,8,0,0]
[11264,11392,9408,26312,4140,41036,19524,5734,40208,21920]
[0,0,0,0,8192,28672,29184,38656,38688,33904]
[5832,1580,11820,8996,1910,1281,32,6,14,78]
[0,0,0,0,4113,17,19,50,310,580]
[2184,2248,3148,35884,52268,16930,50806,8465,58163,6216]
[4,12,14,78,234,1195,1208,1696,1570,1587]
[0,0,32768,49152,51200,11264,27776,25280,37576,37576]
[18432,51200,9344,27776,4680,13000,15172,33221,52417,4716]
[34536,13240,16441,561,13108,17472,24082,39936,44032,35840]
[23963,56587,36107,36107,1290,22769,20576,21506,11165,27141]
[49152,34816,2048,34944,35968,52416,16968,50888,41508,41836]
[18575,19488,3776,35488,18449,34835,34864,3072,34944,33920]
[24821,57553,41399,4228,6543,2312,32768,36864,0,0]
[14466,7381,36125,1821,19225,30559,38913,34945,1169,2217]
[14344,53384,25869,3414,1284,24746,27162,27190,6144,0]
[11392,9408,26312,4140,41036,19524,5734,40208,21920,7668]
[33984,33984,33984,33984,33992,33860,3308,2595,1186,3253]
[0,0,0,8192,28672,29184,38656,38688,33904,35954]
[50732,57900,27430,39303,40094,1542,0,32768,32768,32768]
[1580,11820,8996,1910,1281,32,6,14,78,234]
[0,0,0,4113,17,19,50,310,580,100]
[2248,3148,35884,52268,16930,50806,8465,58163,6216,6489]
[12,14,78,234,1195,1208,1696,1570,1587,1796]
[0,32768,49152,51200,11264,27776,25280,37576,37576,37442]
[51200,9344,27776,4680,13000,15172,33221,52417,4716,22335]
[13240,16441,561,13108,17472,24082,39936,44032,35840,35840]
[56587,36107,36107,1290,22769,20576,21506,11165,27141,33644]
[34816,2048,34944,35968,52416,16968,50888,41508,41836,47378]
[19488,3776,35488,18449,34835,34864,3072,34944,33920,33928]
[57553,41399,4228,6543,2312,32768,36864,0,0,32768]
[7381,36125,1821,19225,30559,38913,34945,1169,2217,36239]
[53384,25869,3414,1284,24746,27162,27190,6144,0,4]
[9408,26312,4140,41036,19524,5734,40208,21920,7668,53264]
[33984,33984,33984,33992,33860,3308,2595,1186,3253,34333]
[0,0,8192,28672,29184,38656,38688,33904,35954,39063]
[57900,27430,39303,40094,1542,0,32768,32768,32768,34816]
[11820,8996,1910,1281,32,6,14,78,234,1186]
[14,78,234,1195,1208,1696,1570,1587,1796,8785]
[32768,49152,51200,11264,27776,25280,37576,37576,37442,46944]
[9344,27776,4680,13000,15172,33221,52417,4716,22335,1037]
[16441,561,13108,17472,24082,39936,44032,35840,35840,19458]
[36107,36107,1290,22769,20576,21506,11165,27141,33644,35333]
[0,0,0,32768,34816,34816,2048,2176,2184,2248]
[2048,34944,35968,52416,16968,50888,41508,41836,47378,64818]
[3776,35488,18449,34835,34864,3072,34944,33920,33928,17484]
[0,0,8,136,140,2112,2056,34816,34816,34816]
[41399,4228,6543,2312,32768,36864,0,0,32768,34816]
[36125,1821,19225,30559,38913,34945,1169,2217,36239,52225]
[26312,4140,41036,19524,5734,40208,21920,7668,53264,4879]
[33984,33984,33992,33860,3308,2595,1186,3253,34333,18067]
[0,8192,28672,29184,38656,38688,33904,35954,39063,7319]
[8996,1910,1281,32,6,14,78,234,1186,3234]
[78,234,1195,1208,1696,1570,1587,1796,8785,1811]
[49152,51200,11264,27776,25280,37576,37576,37442,46944,32832]
[27776,4680,13000,15172,33221,52417,4716,22335,1037,4221]
[561,13108,17472,24082,39936,44032,35840,35840,19458,3143]
[36107,1290,22769,20576,21506,11165,27141,33644,35333,48371]
[0,0,32768,34816,34816,2048,2176,2184,2248,1092]
[34944,35968,52416,16968,50888,41508,41836,47378,64818,11]
[35488,18449,34835,34864,3072,34944,33920,33928,17484,52833]
[0,8,136,140,2112,2056,34816,34816,34816,49152]
[1821,19225,30559,38913,34945,1169,2217,36239,52225,17425]
[4140,41036,19524,5734,40208,21920,7668,53264,4879,906]
[33984,33992,33860,3308,2595,1186,3253,34333,18067,28418]
[8192,28672,29184,38656,38688,33904,35954,39063,7319,52885]
[1910,1281,32,6,14,78,234,1186,3234,3104]
[4113,17,19,50,310,580,100,96,0,0]
[0,0,0,0,128,2184,2248,1092,228,1250]
[234,1195,1208,1696,1570,1587,1796,8785,1811,9026]
[51200,11264,27776,25280,37576,37576,37442,46944,32832,32896]
[4680,13000,15172,33221,52417,4716,22335,1037,4221,8272]
[13108,17472,24082,39936,44032,35840,35840,19458,3143,44045]
[0,32768,34816,34816,2048,2176,2184,2248,1092,34920]
[35968,52416,16968,50888,41508,41836,47378,64818,11,387]
[18449,34835,34864,3072,34944,33920,33928,17484,52833,8217]
[8,136,140,2112,2056,34816,34816,34816,49152,18432]
[19225,30559,38913,34945,1169,2217,36239,52225,17425,561]
[41036,19524,5734,40208,21920,7668,53264,4879,906,10425]
[33992,33860,3308,2595,1186,3253,34333,18067,28418,39168]
[28672,29184,38656,38688,33904,35954,39063,7319,52885,37516]
[1281,32,6,14,78,234,1186,3234,3104,35904]
[0,0,0,128,2184,2248,1092,228,1250,3746]
[1195,1208,1696,1570,1587,1796,8785,1811,9026,10055]
[11264,27776,25280,37576,37576,37442,46944,32832,32896,2048]
[13000,15172,33221,52417,4716,22335,1037,4221,8272,2714]
[9341,29696,17664,49664,37888,37120,33024,0,0,32768]
[17472,24082,39936,44032,35840,35840,19458,3143,44045,44077]
[22769,20576,21506,11165,27141,33644,35333,48371,8192,0]
[32768,34816,34816,2048,2176,2184,2248,1092,34920,35012]
[52416,16968,50888,41508,41836,47378,64818,11,387,425]
[0,0,0,32768,32768,18432,51200,50304,1152,10376]
[34835,34864,3072,34944,33920,33928,17484,52833,8217,24]
[0,0,0,0,4096,4352,8448,8465,9011,25664]
[30559,38913,34945,1169,2217,36239,52225,17425,561,544]
[19524,5734,40208,21920,7668,53264,4879,906,10425,7096]
[33860,3308,2595,1186,3253,34333,18067,28418,39168,273]
[29184,38656,38688,33904,35954,39063,7319,52885,37516,27806]
[32,6,14,78,234,1186,3234,3104,35904,50248]
[0,0,128,2184,2248,1092,228,1250,3746,23472]
[1208,1696,1570,1587,1796,8785,1811,9026,10055,30088]
[15172,33221,52417,4716,22335,1037,4221,8272,2714,44076]
[24082,39936,44032,35840,35840,19458,3143,44045,44077,43576]
[20576,21506,11165,27141,33644,35333,48371,8192,0,32770]
[34816,34816,2048,2176,2184,2248,1092,34920,35012,16460]
[16968,50888,41508,41836,47378,64818,11,387,425,2171]
[0,0,32768,32768,18432,51200,50304,1152,10376,50376]
[34864,3072,34944,33920,33928,17484,52833,8217,24,32768]
[0,0,0,4096,4352,8448,8465,9011,25664,27904]
[38913,34945,1169,2217,36239,52225,17425,561,544,273]
[5734,40208,21920,7668,53264,4879,906,10425,7096,45088]
[3308,2595,1186,3253,34333,18067,28418,39168,273,288]
[8483,12838,13862,29696,29952,17408,49152,57344,41985,46096]
[49152,49152,16384,0,32768,32768,32768,0,32768,49152]
[38656,38688,33904,35954,39063,7319,52885,37516,27806,8466]
[6,14,78,234,1186,3234,3104,35904,50248,50760]
[0,128,2184,2248,1092,228,1250,3746,23472,18484]
[1696,1570,1587,1796,8785,1811,9026,10055,30088,24028]
[25280,37576,37576,37442,46944,32832,32896,2048,128,0]
[33221,52417,4716,22335,1037,4221,8272,2714,44076,10789]
[39936,44032,35840,35840,19458,3143,44045,44077,43576,43579]
[21506,11165,27141,33644,35333,48371,8192,0,32770,32768]
[34816,2048,2176,2184,2248,1092,34920,35012,16460,2124]
[50888,41508,41836,47378,64818,11,387,425,2171,36625]
[0,32768,32768,18432,51200,50304,1152,10376,50376,580]
[0,0,0,1,1,17,18,2,6,22]
[3072,34944,33920,33928,17484,52833,8217,24,32768,32768]
[0,0,4096,4352,8448,8465,9011,25664,27904,3328]
[34945,1169,2217,36239,52225,17425,561,544,273,288]
[40208,21920,7668,53264,4879,906,10425,7096,45088,13831]
[12838,13862,29696,29952,17408,49152,57344,41985,46096,46096]
[19584,17600,26184,36968,28364,4100,32896,2048,16384,49152]
[38688,33904,35954,39063,7319,52885,37516,27806,8466,4912]
[16384,34816,18432,2048,2176,2176,2048,32768,0,0]
[14,78,234,1186,3234,3104,35904,50248,50760,25192]
[128,2184,2248,1092,228,1250,3746,23472,18484,36458]
[1570,1587,1796,8785,1811,9026,10055,30088,24028,53278]
[37576,37576,37442,46944,32832,32896,2048,128,0,32768]
[52417,4716,22335,1037,4221,8272,2714,44076,10789,47651]
[44032,35840,35840,19458,3143,44045,44077,43576,43579,10888]
[2048,2176,2184,2248,1092,34920,35012,16460,2124,34892]
[41508,41836,47378,64818,11,387,425,2171,36625,15937]
[32768,32768,18432,51200,50304,1152,10376,50376,580,100]
[0,0,1,1,17,18,2,6,22,50]
[34944,33920,33928,17484,52833,8217,24,32768,32768,34816]
[21920,7668,53264,4879,906,10425,7096,45088,13831,63005]
[13862,29696,29952,17408,49152,57344,41985,46096,46096,38145]
[33904,35954,39063,7319,52885,37516,27806,8466,4912,50]
[34816,18432,2048,2176,2176,2048,32768,0,0,32768]
[78,234,1186,3234,3104,35904,50248,50760,25192,59752]
[2184,2248,1092,228,1250,3746,23472,18484,36458,37658]
[1587,1796,8785,1811,9026,10055,30088,24028,53278,31487]
[37576,37442,46944,32832,32896,2048,128,0,32768,32768]
[4716,22335,1037,4221,8272,2714,44076,10789,47651,675]
[35840,35840,19458,3143,44045,44077,43576,43579,10888,10525]
[27141,33644,35333,48371,8192,0,32770,32768,16384,0]
[2176,2184,2248,1092,34920,35012,16460,2124,34892,50252]
[41836,47378,64818,11,387,425,2171,36625,15937,12624]
[32768,18432,51200,50304,1152,10376,50376,580,100,35046]
[0,1,1,17,18,2,6,22,50,38]
[0,0,0,0,32768,34816,51200,17536,25728,9728]
[33920,33928,17484,52833,8217,24,32768,32768,34816,16512]
[7668,53264,4879,906,10425,7096,45088,13831,63005,157]
[29696,29952,17408,49152,57344,41985,46096,46096,38145,53792]
[0,32768,32768,32768,0,32768,49152,34816,49152,49152]
[35954,39063,7319,52885,37516,27806,8466,4912,50,307]
[18432,2048,2176,2176,2048,32768,0,0,32768,34824]
[234,1186,3234,3104,35904,50248,50760,25192,59752,57704]
[2248,1092,228,1250,3746,23472,18484,36458,37658,48080]
[1796,8785,1811,9026,10055,30088,24028,53278,31487,30721]
[37442,46944,32832,32896,2048,128,0,32768,32768,34816]
[22335,1037,4221,8272,2714,44076,10789,47651,675,1318]
[35840,19458,3143,44045,44077,43576,43579,10888,10525,9052]
[33644,35333,48371,8192,0,32770,32768,16384,0,4096]
[2184,2248,1092,34920,35012,16460,2124,34892,50252,9836]
[47378,64818,11,387,425,2171,36625,15937,12624,45104]
[1,1,17,18,2,6,22,50,38,359]
[0,0,0,32768,34816,51200,17536,25728,9728,5632]
[49152,49152,49152,49152,53504,49680,54800,39985,60787,132]
[33928,17484,52833,8217,24,32768,32768,34816,16512,2049]
[4352,8448,8465,9011,25664,27904,3328,32768,0,0]
[53264,4879,906,10425,7096,45088,13831,63005,157,35068]
[29952,17408,49152,57344,41985,46096,46096,38145,53792,49665]
[36968,28364,4100,32896,2048,16384,49152,49152,49152,49152]
[39063,7319,52885,37516,27806,8466,4912,50,307,771]
[2048,2176,2176,2048,32768,0,0,32768,34824,18432]
[1186,3234,3104,35904,50248,50760,25192,59752,57704,8552]
[1092,228,1250,3746,23472,18484,36458,37658,48080,41040]
[8785,1811,9026,10055,30088,24028,53278,31487,30721,32264]
[46944,32832,32896,2048,128,0,32768,32768,34816,51200]
[1037,4221,8272,2714,44076,10789,47651,675,1318,780]
[19458,3143,44045,44077,43576,43579,10888,10525,9052,48468]
[2248,1092,34920,35012,16460,2124,34892,50252,9836,8458]
[64818,11,387,425,2171,36625,15937,12624,45104,31761]
[1,17,18,2,6,22,50,38,359,837]
[233,1257,1569,1657,1432,762,2688,3264,3264,33864]
[0,0,32768,34816,51200,17536,25728,9728,5632,21120]
[49152,49152,49152,53504,49680,54800,39985,60787,132,34944]
[17484,52833,8217,24,32768,32768,34816,16512,2049,2059]
[8448,8465,9011,25664,27904,3328,32768,0,0,12304]
[4879,906,10425,7096,45088,13831,63005,157,35068,33313]
[17408,49152,57344,41985,46096,46096,38145,53792,49665,17665]
[28364,4100,32896,2048,16384,49152,49152,49152,49152,57344]
[7319,52885,37516,27806,8466,4912,50,307,771,4353]
[32768,32768,32768,49152,34816,2048,49152,49152,43008,35840]

