[34944,3072,34944,3073,34945,3073]
[49698,51808,51818,49698,51808,51818]
[34816,51200,19456,9472,8720,41488]
[42496,34304,37888,36864,61440,60928]
[32768,34816,51200,52224,9344,27776]
[7952,40017,40403,33159,2263,3100]
[57860,29200,21523,49156,16384,0]
[51200,44168,34956,35980,52224,17536]
[9344,27776,4800,13900,3340,38958]
[32768,32768,32768,49152,18432,34816]
[3360,34672,26690,43840,43872,43120]
[2604,56636,16670,11103,2049,2056]
[2056,128,2060,76,2126,2082]
[39424,48128,11904,6664,45120,42496]
[33920,52352,16448,16512,18568,9280]
[35840,52240,18064,63216,32790,49458]
[12836,30333,34816,51200,11272,44097]
[35090,49446,36448,35488,51472,52736]
[41984,41984,41984,44032,44032,11264]
[44160,41032,52360,8,8,32780]
[34944,3072,34944,3073,34945,3073,34945]
[49698,51808,51818,49698,51808,51818,49698]
[34816,51200,19456,9472,8720,41488,26128]
[1,129,129,137,2189,34817,34816]
[3072,51328,51200,3072,51328,51200,3072]
[59498,10402,34820,2176,2176,34944,33920]
[8321,8,8,1,32770,0,32768]
[42496,34304,37888,36864,61440,60928,12864]
[32768,34816,51200,52224,9344,27776,25160]
[7952,40017,40403,33159,2263,3100,34858]
[57860,29200,21523,49156,16384,0,1]
[51200,44168,34956,35980,52224,17536,1160]
[9344,27776,4800,13900,3340,38958,40235]
[32768,32768,32768,49152,18432,34816,34944]
[3360,34672,26690,43840,43872,43120,8674]
[2056,128,2060,76,2126,2082,71]
[39424,48128,11904,6664,45120,42496,44544]
[307,33539,257,32784,0,32768,0]
[33920,52352,16448,16512,18568,9280,26112]
[35840,52240,18064,63216,32790,49458,17443]
[12836,30333,34816,51200,11272,44097,47841]
[35090,49446,36448,35488,51472,52736,9152]
[41984,41984,41984,44032,44032,11264,11392]
[44160,41032,52360,8,8,32780,132]
[34944,3072,34944,3073,34945,3073,34945,3075]
[49698,51808,51818,49698,51808,51818,49698,51808]
[34816,51200,19456,9472,8720,41488,26128,11312]
[3072,51328,51200,3072,51328,51200,3072,51328]
[42496,34304,37888,36864,61440,60928,12864,36608]
[32768,34816,51200,52224,9344,27776,25160,10824]
[7952,40017,40403,33159,2263,3100,34858,35844]
[51200,44168,34956,35980,52224,17536,1160,204]
[9344,27776,4800,13900,3340,38958,40235,7432]
[32768,32768,32768,49152,18432,34816,34944,52352]
[3360,34672,26690,43840,43872,43120,8674,2546]
[2056,128,2060,76,2126,2082,71,2249]
[33920,52352,16448,16512,18568,9280,26112,34304]
[35840,52240,18064,63216,32790,49458,17443,18403]
[12836,30333,34816,51200,11272,44097,47841,14499]
[35090,49446,36448,35488,51472,52736,9152,11232]
[41984,41984,41984,44032,44032,11264,11392,11456]
[44160,41032,52360,8,8,32780,132,2184]
[34944,3072,34944,3073,34945,3073,34945,3075,35040]
[49698,51808,51818,49698,51808,51818,49698,51808,51818]
[34816,51200,19456,9472,8720,41488,26128,11312,52593]
[42496,34304,37888,36864,61440,60928,12864,36608,3680]
[32768,34816,51200,52224,9344,27776,25160,10824,12872]
[7952,40017,40403,33159,2263,3100,34858,35844,9280]
[51200,44168,34956,35980,52224,17536,1160,204,66]
[9344,27776,4800,13900,3340,38958,40235,7432,21464]
[32768,32768,32768,49152,18432,34816,34944,52352,8384]
[3360,34672,26690,43840,43872,43120,8674,2546,24707]
[2176,2176,2177,2184,2248,3276,33824,35841,52225]
[2056,128,2060,76,2126,2082,71,2249,35912]
[307,33539,257,32784,0,32768,0,32768,0]
[35584,34048,2048,32768,32768,61440,65024,320,34816]
[33920,52352,16448,16512,18568,9280,26112,34304,41984]
[35840,52240,18064,63216,32790,49458,17443,18403,2]
[12836,30333,34816,51200,11272,44097,47841,14499,4648]
[35090,49446,36448,35488,51472,52736,9152,11232,10676]
[41984,41984,41984,44032,44032,11264,11392,11456,8768]
[44160,41032,52360,8,8,32780,132,2184,2240]
[34944,3072,34944,3073,34945,3073,34945,3075,35040,2244]
[49698,51808,51818,49698,51808,51818,49698,51808,51818,49699]
[34816,51200,19456,9472,8720,41488,26128,11312,52593,449]
[2756,32804,4,32780,34820,2176,2188,32770,32768,34816]
[42496,34304,37888,36864,61440,60928,12864,36608,3680,2720]
[32768,34816,51200,52224,9344,27776,25160,10824,12872,14280]
[7952,40017,40403,33159,2263,3100,34858,35844,9280,42624]
[9344,27776,4800,13900,3340,38958,40235,7432,21464,20698]
[32768,32768,32768,49152,18432,34816,34944,52352,8384,1160]
[3360,34672,26690,43840,43872,43120,8674,2546,24707,27665]
[2056,128,2060,76,2126,2082,71,2249,35912,50248]
[33920,52352,16448,16512,18568,9280,26112,34304,41984,33792]
[35840,52240,18064,63216,32790,49458,17443,18403,2,4352]
[12836,30333,34816,51200,11272,44097,47841,14499,4648,33480]
[35090,49446,36448,35488,51472,52736,9152,11232,10676,10678]
[41984,41984,41984,44032,44032,11264,11392,11456,8768,16000]
[44160,41032,52360,8,8,32780,132,2184,2240,1216]
[3072,34944,3073,34945,3073,34945,3075,35040,2244,3148]
[51808,51818,49698,51808,51818,49698,51808,51818,49699,51811]
[51200,19456,9472,8720,41488,26128,11312,52593,449,6320]
[32804,4,32780,34820,2176,2188,32770,32768,34816,34816]
[32768,32768,32768,32768,34816,34944,52224,9344,58368,9728]
[34816,51200,52224,9344,27776,25160,10824,12872,14280,22924]
[40017,40403,33159,2263,3100,34858,35844,9280,42624,704]
[27776,4800,13900,3340,38958,40235,7432,21464,20698,9722]
[32768,32768,49152,18432,34816,34944,52352,8384,1160,26696]
[34672,26690,43840,43872,43120,8674,2546,24707,27665,9393]
[2176,2177,2184,2248,3276,33824,35841,52225,52225,52225]
[128,2060,76,2126,2082,71,2249,35912,50248,50764]
[33539,257,32784,0,32768,0,32768,0,32768,0]
[34048,2048,32768,32768,61440,65024,320,34816,34816,34816]
[52352,16448,16512,18568,9280,26112,34304,41984,33792,49152]
[32768,32768,16384,32768,32768,0,0,34816,51200,52352]
[52240,18064,63216,32790,49458,17443,18403,2,4352,4096]
[30333,34816,51200,11272,44097,47841,14499,4648,33480,37200]
[49446,36448,35488,51472,52736,9152,11232,10676,10678,34831]
[41984,41984,44032,44032,11264,11392,11456,8768,16000,39808]
[41032,52360,8,8,32780,132,2184,2240,1216,36032]
[34944,3073,34945,3073,34945,3075,35040,2244,3148,33836]
[51818,49698,51808,51818,49698,51808,51818,49699,51811,51720]
[19456,9472,8720,41488,26128,11312,52593,449,6320,3792]
[129,137,2189,34817,34816,34816,34816,34816,49152,34816]
[4,32780,34820,2176,2188,32770,32768,34816,34816,34944]
[32768,32768,32768,34816,34944,52224,9344,58368,9728,13824]
[51200,52224,9344,27776,25160,10824,12872,14280,22924,11916]
[40403,33159,2263,3100,34858,35844,9280,42624,704,3272]
[4800,13900,3340,38958,40235,7432,21464,20698,9722,12296]
[32768,49152,18432,34816,34944,52352,8384,1160,26696,51788]
[26690,43840,43872,43120,8674,2546,24707,27665,9393,11507]
[2060,76,2126,2082,71,2249,35912,50248,50764,25090]
[16448,16512,18568,9280,26112,34304,41984,33792,49152,16384]
[32768,16384,32768,32768,0,0,34816,51200,52352,49344]
[34816,51200,11272,44097,47841,14499,4648,33480,37200,41019]
[36448,35488,51472,52736,9152,11232,10676,10678,34831,34862]
[41984,44032,44032,11264,11392,11456,8768,16000,39808,39744]
[52360,8,8,32780,132,2184,2240,1216,36032,72]
[49698,51808,51818,49698,51808,51818,49699,51811,51720,49613]
[9472,8720,41488,26128,11312,52593,449,6320,3792,49944]
[137,2189,34817,34816,34816,34816,34816,49152,34816,18432]
[32780,34820,2176,2188,32770,32768,34816,34816,34944,52352]
[32768,32768,34816,34944,52224,9344,58368,9728,13824,5888]
[52224,9344,27776,25160,10824,12872,14280,22924,11916,10796]
[33159,2263,3100,34858,35844,9280,42624,704,3272,33804]
[9,1,0,0,0,32768,32768,18434,51207,50285]
[35980,52224,17536,1160,204,66,6,0,0,0]
[13900,3340,38958,40235,7432,21464,20698,9722,12296,8320]
[49152,18432,34816,34944,52352,8384,1160,26696,51788,49696]
[43840,43872,43120,8674,2546,24707,27665,9393,11507,41216]
[76,2126,2082,71,2249,35912,50248,50764,25090,58888]
[51200,11272,44097,47841,14499,4648,33480,37200,41019,1910]
[35488,51472,52736,9152,11232,10676,10678,34831,34862,35881]
[44032,44032,11264,11392,11456,8768,16000,39808,39744,7136]
[8,8,32780,132,2184,2240,1216,36032,72,136]
[51808,51818,49698,51808,51818,49699,51811,51720,49613,33731]
[8720,41488,26128,11312,52593,449,6320,3792,49944,59041]
[2189,34817,34816,34816,34816,34816,49152,34816,18432,51200]
[34820,2176,2188,32770,32768,34816,34816,34944,52352,8384]
[32768,34816,34944,52224,9344,58368,9728,13824,5888,17184]
[9344,27776,25160,10824,12872,14280,22924,11916,10796,19244]
[2263,3100,34858,35844,9280,42624,704,3272,33804,34888]
[1,0,0,0,32768,32768,18434,51207,50285,49153]
[52224,17536,1160,204,66,6,0,0,0,8]
[3340,38958,40235,7432,21464,20698,9722,12296,8320,2190]
[18432,34816,34944,52352,8384,1160,26696,51788,49696,49665]
[43872,43120,8674,2546,24707,27665,9393,11507,41216,35088]
[32768,32768,0,0,34816,51200,52352,49344,49152,49152]
[11272,44097,47841,14499,4648,33480,37200,41019,1910,33800]
[51472,52736,9152,11232,10676,10678,34831,34862,35881,52267]
[44032,11264,11392,11456,8768,16000,39808,39744,7136,35252]
[8,32780,132,2184,2240,1216,36032,72,136,136]
[51818,49698,51808,51818,49699,51811,51720,49613,33731,970]
[41488,26128,11312,52593,449,6320,3792,49944,59041,41377]
[34817,34816,34816,34816,34816,49152,34816,18432,51200,17536]
[25361,1299,770,4384,768,256,0,0,32768,49152]
[2176,2188,32770,32768,34816,34816,34944,52352,8384,1156]
[34816,34944,52224,9344,58368,9728,13824,5888,17184,18224]
[27776,25160,10824,12872,14280,22924,11916,10796,19244,60220]
[3100,34858,35844,9280,42624,704,3272,33804,34888,3148]
[0,0,0,32768,32768,18434,51207,50285,49153,49152]
[17536,1160,204,66,6,0,0,0,8,12]
[38958,40235,7432,21464,20698,9722,12296,8320,2190,51203]
[34816,34944,52352,8384,1160,26696,51788,49696,49665,17561]
[0,0,0,32768,32768,34816,18432,49152,57344,25600]
[43120,8674,2546,24707,27665,9393,11507,41216,35088,22800]
[32768,0,0,34816,51200,52352,49344,49152,49152,59392]
[44097,47841,14499,4648,33480,37200,41019,1910,33800,40972]
[52736,9152,11232,10676,10678,34831,34862,35881,52267,16955]
[11264,11392,11456,8768,16000,39808,39744,7136,35252,37694]
[49698,51808,51818,49699,51811,51720,49613,33731,970,3970]
[26128,11312,52593,449,6320,3792,49944,59041,41377,29616]
[34816,34816,34816,34816,49152,34816,18432,51200,17536,58500]
[1299,770,4384,768,256,0,0,32768,49152,49152]
[2188,32770,32768,34816,34816,34944,52352,8384,1156,2242]
[34944,52224,9344,58368,9728,13824,5888,17184,18224,1105]
[25160,10824,12872,14280,22924,11916,10796,19244,60220,6160]
[34858,35844,9280,42624,704,3272,33804,34888,3148,1060]
[1160,204,66,6,0,0,0,8,12,132]
[40235,7432,21464,20698,9722,12296,8320,2190,51203,11282]
[34944,52352,8384,1160,26696,51788,49696,49665,17561,26230]
[0,0,32768,32768,34816,18432,49152,57344,25600,26112]
[8674,2546,24707,27665,9393,11507,41216,35088,22800,20752]
[0,0,34816,51200,52352,49344,49152,49152,59392,43008]
[47841,14499,4648,33480,37200,41019,1910,33800,40972,18434]
[9152,11232,10676,10678,34831,34862,35881,52267,16955,26376]
[11392,11456,8768,16000,39808,39744,7136,35252,37694,1167]
[51808,51818,49699,51811,51720,49613,33731,970,3970,61077]
[11312,52593,449,6320,3792,49944,59041,41377,29616,16608]
[34816,34816,34816,49152,34816,18432,51200,17536,58500,8772]
[770,4384,768,256,0,0,32768,49152,49152,16384]
[32770,32768,34816,34816,34944,52352,8384,1156,2242,3278]
[52224,9344,58368,9728,13824,5888,17184,18224,1105,39426]
[10824,12872,14280,22924,11916,10796,19244,60220,6160,34816]
[35844,9280,42624,704,3272,33804,34888,3148,1060,34924]
[0,32768,32768,18434,51207,50285,49153,49152,16384,32768]
[204,66,6,0,0,0,8,12,132,134]
[7432,21464,20698,9722,12296,8320,2190,51203,11282,10096]
[52352,8384,1160,26696,51788,49696,49665,17561,26230,2176]
[2546,24707,27665,9393,11507,41216,35088,22800,20752,12560]
[1936,12225,41224,35216,34200,36856,12299,4097,272,33048]
[0,34816,51200,52352,49344,49152,49152,59392,43008,35968]
[14499,4648,33480,37200,41019,1910,33800,40972,18434,57344]
[11232,10676,10678,34831,34862,35881,52267,16955,26376,38380]
[11456,8768,16000,39808,39744,7136,35252,37694,1167,2075]
[51818,49699,51811,51720,49613,33731,970,3970,61077,8477]
[52593,449,6320,3792,49944,59041,41377,29616,16608,716]
[34816,34816,49152,34816,18432,51200,17536,58500,8772,30310]
[32768,34816,34816,34944,52352,8384,1156,2242,3278,3074]
[9344,58368,9728,13824,5888,17184,18224,1105,39426,56400]
[12872,14280,22924,11916,10796,19244,60220,6160,34816,2184]
[9280,42624,704,3272,33804,34888,3148,1060,34924,32802]
[66,6,0,0,0,8,12,132,134,196]
[21464,20698,9722,12296,8320,2190,51203,11282,10096,206]
[8384,1160,26696,51788,49696,49665,17561,26230,2176,18432]
[24707,27665,9393,11507,41216,35088,22800,20752,12560,12561]
[12225,41224,35216,34200,36856,12299,4097,272,33048,33048]
[34816,51200,52352,49344,49152,49152,59392,43008,35968,9408]
[4648,33480,37200,41019,1910,33800,40972,18434,57344,64512]
[10676,10678,34831,34862,35881,52267,16955,26376,38380,37136]
[8768,16000,39808,39744,7136,35252,37694,1167,2075,251]
[49699,51811,51720,49613,33731,970,3970,61077,8477,4895]
[449,6320,3792,49944,59041,41377,29616,16608,716,5156]
[136,132,140,2252,33792,34816,32768,0,0,0]
[34816,49152,34816,18432,51200,17536,58500,8772,30310,22672]
[34816,34816,34944,52352,8384,1156,2242,3278,3074,2240]
[58368,9728,13824,5888,17184,18224,1105,39426,56400,4320]
[14280,22924,11916,10796,19244,60220,6160,34816,2184,204]
[42624,704,3272,33804,34888,3148,1060,34924,32802,49162]
[6,0,0,0,8,12,132,134,196,2246]
[20698,9722,12296,8320,2190,51203,11282,10096,206,32802]
[1160,26696,51788,49696,49665,17561,26230,2176,18432,49152]
[27665,9393,11507,41216,35088,22800,20752,12560,12561,8497]
[41224,35216,34200,36856,12299,4097,272,33048,33048,35224]
[51200,52352,49344,49152,49152,59392,43008,35968,9408,46792]
[10678,34831,34862,35881,52267,16955,26376,38380,37136,54016]
[36112,1841,54337,38193,13315,4659,12867,30559,0,34816]
[16000,39808,39744,7136,35252,37694,1167,2075,251,1552]
[51811,51720,49613,33731,970,3970,61077,8477,4895,8704]
[6320,3792,49944,59041,41377,29616,16608,716,5156,14952]
[49152,34816,18432,51200,17536,58500,8772,30310,22672,28168]
[34816,34944,52352,8384,1156,2242,3278,3074,2240,3272]
[9728,13824,5888,17184,18224,1105,39426,56400,4320,5956]
[22924,11916,10796,19244,60220,6160,34816,2184,204,2242]
[704,3272,33804,34888,3148,1060,34924,32802,49162,49152]
[0,0,0,32768,49152,18432,34816,34816,51200,3072]
[0,0,0,32768,0,32768,32768,49152,51200,3072]
[0,0,0,8,12,132,134,196,2246,1058]
[9722,12296,8320,2190,51203,11282,10096,206,32802,32772]
[26696,51788,49696,49665,17561,26230,2176,18432,49152,57344]
[9393,11507,41216,35088,22800,20752,12560,12561,8497,8225]
[35216,34200,36856,12299,4097,272,33048,33048,35224,17748]
[52352,49344,49152,49152,59392,43008,35968,9408,46792,33060]
[37200,41019,1910,33800,40972,18434,57344,64512,8320,0]
[34831,34862,35881,52267,16955,26376,38380,37136,54016,36368]
[39808,39744,7136,35252,37694,1167,2075,251,1552,47787]
[51720,49613,33731,970,3970,61077,8477,4895,8704,4352]
[3792,49944,59041,41377,29616,16608,716,5156,14952,30764]
[34816,18432,51200,17536,58500,8772,30310,22672,28168,39560]
[34944,52352,8384,1156,2242,3278,3074,2240,3272,3084]
[13824,5888,17184,18224,1105,39426,56400,4320,5956,5584]
[11916,10796,19244,60220,6160,34816,2184,204,2242,3268]
[3272,33804,34888,3148,1060,34924,32802,49162,49152,59392]
[0,0,32768,49152,18432,34816,34816,51200,3072,51328]
[0,0,32768,0,32768,32768,49152,51200,3072,2176]
[0,0,8,12,132,134,196,2246,1058,235]
[12296,8320,2190,51203,11282,10096,206,32802,32772,12]
[51788,49696,49665,17561,26230,2176,18432,49152,57344,58368]
[11507,41216,35088,22800,20752,12560,12561,8497,8225,4115]
[34200,36856,12299,4097,272,33048,33048,35224,17748,17886]
[49344,49152,49152,59392,43008,35968,9408,46792,33060,38]
[41019,1910,33800,40972,18434,57344,64512,8320,0,136]
[25104,17936,34353,34371,36419,35459,2336,256,32768,36864]
[34862,35881,52267,16955,26376,38380,37136,54016,36368,3696]
[39744,7136,35252,37694,1167,2075,251,1552,47787,43681]
[49613,33731,970,3970,61077,8477,4895,8704,4352,6410]
[49944,59041,41377,29616,16608,716,5156,14952,30764,51212]
[2252,33792,34816,32768,0,0,0,32768,32768,34816]
[18432,51200,17536,58500,8772,30310,22672,28168,39560,38912]
[52352,8384,1156,2242,3278,3074,2240,3272,3084,2048]
[5888,17184,18224,1105,39426,56400,4320,5956,5584,36288]
[10796,19244,60220,6160,34816,2184,204,2242,3268,1058]
[33804,34888,3148,1060,34924,32802,49162,49152,59392,59392]
[0,8,12,132,134,196,2246,1058,235,3121]
[8320,2190,51203,11282,10096,206,32802,32772,12,14]
[49696,49665,17561,26230,2176,18432,49152,57344,58368,5632]
[41216,35088,22800,20752,12560,12561,8497,8225,4115,4147]
[36856,12299,4097,272,33048,33048,35224,17748,17886,54531]
[49152,49152,59392,43008,35968,9408,46792,33060,38,102]
[1910,33800,40972,18434,57344,64512,8320,0,136,132]
[17936,34353,34371,36419,35459,2336,256,32768,36864,36864]
[35881,52267,16955,26376,38380,37136,54016,36368,3696,2193]
[38193,13315,4659,12867,30559,0,34816,34816,34816,34816]
[7136,35252,37694,1167,2075,251,1552,47787,43681,39472]
[33731,970,3970,61077,8477,4895,8704,4352,6410,2114]
[59041,41377,29616,16608,716,5156,14952,30764,51212,19532]
[33792,34816,32768,0,0,0,32768,32768,34816,18432]
[51200,17536,58500,8772,30310,22672,28168,39560,38912,40960]
[17184,18224,1105,39426,56400,4320,5956,5584,36288,736]
[19244,60220,6160,34816,2184,204,2242,3268,1058,35046]
[34888,3148,1060,34924,32802,49162,49152,59392,59392,47104]
[8,12,132,134,196,2246,1058,235,3121,1649]
[2190,51203,11282,10096,206,32802,32772,12,14,74]
[49665,17561,26230,2176,18432,49152,57344,58368,5632,4608]
[35088,22800,20752,12560,12561,8497,8225,4115,4147,4644]
[12299,4097,272,33048,33048,35224,17748,17886,54531,56577]
[33800,40972,18434,57344,64512,8320,0,136,132,2182]
[34353,34371,36419,35459,2336,256,32768,36864,36864,61696]
[52267,16955,26376,38380,37136,54016,36368,3696,2193,39187]
[13315,4659,12867,30559,0,34816,34816,34816,34816,34952]
[35252,37694,1167,2075,251,1552,47787,43681,39472,56056]
[970,3970,61077,8477,4895,8704,4352,6410,2114,2118]
[41377,29616,16608,716,5156,14952,30764,51212,19532,9762]
[34816,32768,0,0,0,32768,32768,34816,18432,51200]
[17536,58500,8772,30310,22672,28168,39560,38912,40960,16384]
[0,0,0,0,8,4224,4104,4488,12416,14464]
[18224,1105,39426,56400,4320,5956,5584,36288,736,35828]
[3148,1060,34924,32802,49162,49152,59392,59392,47104,31744]
[12,132,134,196,2246,1058,235,3121,1649,1344]
[51203,11282,10096,206,32802,32772,12,14,74,72]
[17561,26230,2176,18432,49152,57344,58368,5632,4608,12288]
[22800,20752,12560,12561,8497,8225,4115,4147,4644,33376]
[4097,272,33048,33048,35224,17748,17886,54531,56577,17440]
[40972,18434,57344,64512,8320,0,136,132,2182,2183]
[34371,36419,35459,2336,256,32768,36864,36864,61696,50176]
[16955,26376,38380,37136,54016,36368,3696,2193,39187,27138]
[4659,12867,30559,0,34816,34816,34816,34816,34952,17472]
[37694,1167,2075,251,1552,47787,43681,39472,56056,57530]
[33836,33836,33837,33837,33837,33853,34321,50946,51137,49481]
[3970,61077,8477,4895,8704,4352,6410,2114,2118,34917]
[29616,16608,716,5156,14952,30764,51212,19532,9762,12086]
[32768,0,0,0,32768,32768,34816,18432,51200,9344]
[49152,16384,32768,32768,32768,0,1,1,3,19]
[0,0,0,8,4224,4104,4488,12416,14464,3200]
[1105,39426,56400,4320,5956,5584,36288,736,35828,396]
[1060,34924,32802,49162,49152,59392,59392,47104,31744,3072]
[132,134,196,2246,1058,235,3121,1649,1344,562]
[26230,2176,18432,49152,57344,58368,5632,4608,12288,4352]
[4484,8580,8460,8208,256,0,0,0,32768,32768]
[20752,12560,12561,8497,8225,4115,4147,4644,33376,43639]
[18434,57344,64512,8320,0,136,132,2182,2183,2096]
[36419,35459,2336,256,32768,36864,36864,61696,50176,52224]
[26376,38380,37136,54016,36368,3696,2193,39187,27138,41539]
[12867,30559,0,34816,34816,34816,34816,34952,17472,19968]
[1167,2075,251,1552,47787,43681,39472,56056,57530,16827]
[33836,33837,33837,33837,33853,34321,50946,51137,49481,34488]
[61077,8477,4895,8704,4352,6410,2114,2118,34917,32877]
[16608,716,5156,14952,30764,51212,19532,9762,12086,6145]
[0,0,0,32768,32768,34816,18432,51200,9344,27776]
[16384,32768,32768,32768,0,1,1,3,19,32818]
[0,0,8,4224,4104,4488,12416,14464,3200,64704]
[39426,56400,4320,5956,5584,36288,736,35828,396,220]
[134,196,2246,1058,235,3121,1649,1344,562,610]
[8580,8460,8208,256,0,0,0,32768,32768,18449]
[12560,12561,8497,8225,4115,4147,4644,33376,43639,43140]
[4096,12288,8448,24832,17152,16896,16384,24576,16384,32768]
[2116,2120,34892,19534,28169,552,72,128,0,32768]
[12288,12672,8832,29832,21696,42176,58048,576,0,32768]
[35459,2336,256,32768,36864,36864,61696,50176,52224,31744]
[38380,37136,54016,36368,3696,2193,39187,27138,41539,33605]
[30559,0,34816,34816,34816,34816,34952,17472,19968,11968]
[2075,251,1552,47787,43681,39472,56056,57530,16827,3467]
[4149,8740,5990,21894,23940,3488,57264,36992,34816,18432]
[33837,33837,33837,33853,34321,50946,51137,49481,34488,53928]
[8477,4895,8704,4352,6410,2114,2118,34917,32877,1121]
[716,5156,14952,30764,51212,19532,9762,12086,6145,18432]
[0,0,32768,32768,34816,18432,51200,9344,27776,4680]
[30310,22672,28168,39560,38912,40960,16384,8192,0,0]
[32768,32768,32768,0,1,1,3,19,32818,33086]
[0,8,4224,4104,4488,12416,14464,3200,64704,4168]
[56400,4320,5956,5584,36288,736,35828,396,220,237]
[196,2246,1058,235,3121,1649,1344,562,610,1890]
[8460,8208,256,0,0,0,32768,32768,18449,18451]
[12561,8497,8225,4115,4147,4644,33376,43639,43140,76]
[51027,324,36,7,4263,10401,18651,29208,52364,49152]
[2336,256,32768,36864,36864,61696,50176,52224,31744,3328]
[37136,54016,36368,3696,2193,39187,27138,41539,33605,53061]
[0,34816,34816,34816,34816,34952,17472,19968,11968,8736]
[251,1552,47787,43681,39472,56056,57530,16827,3467,3077]
[8740,5990,21894,23940,3488,57264,36992,34816,18432,34816]
[33837,33837,33853,34321,50946,51137,49481,34488,53928,61960]
[4895,8704,4352,6410,2114,2118,34917,32877,1121,1788]
[5156,14952,30764,51212,19532,9762,12086,6145,18432,16396]
[0,32768,32768,34816,18432,51200,9344,27776,4680,12872]
[22672,28168,39560,38912,40960,16384,8192,0,0,1]
[32768,32768,0,1,1,3,19,32818,33086,2696]
[8,4224,4104,4488,12416,14464,3200,64704,4168,45056]
[4320,5956,5584,36288,736,35828,396,220,237,1449]
[2246,1058,235,3121,1649,1344,562,610,1890,9602]
[8208,256,0,0,0,32768,32768,18449,18451,26672]
[32768,32768,32768,32768,61440,65280,352,6688,9792,42976]
[8832,29832,21696,42176,58048,576,0,32768,32768,0]
[32952,36189,9245,58332,32912,33041,33057,33056,33040,32768]
[256,32768,36864,36864,61696,50176,52224,31744,3328,6400]
[54016,36368,3696,2193,39187,27138,41539,33605,53061,4117]
[34816,34816,34816,34816,34952,17472,19968,11968,8736,18176]
[1552,47787,43681,39472,56056,57530,16827,3467,3077,34912]
[5990,21894,23940,3488,57264,36992,34816,18432,34816,34816]
[33837,33853,34321,50946,51137,49481,34488,53928,61960,64256]
[8704,4352,6410,2114,2118,34917,32877,1121,1788,2056]
[14952,30764,51212,19532,9762,12086,6145,18432,16396,16386]
[32768,32768,34816,18432,51200,9344,27776,4680,12872,10048]
[32768,0,1,1,3,19,32818,33086,2696,52352]
[4224,4104,4488,12416,14464,3200,64704,4168,45056,43272]
[5956,5584,36288,736,35828,396,220,237,1449,6049]
[1058,235,3121,1649,1344,562,610,1890,9602,14181]
[256,0,0,0,32768,32768,18449,18451,26672,59650]
[0,0,0,32768,32768,49152,51200,9216,43008,52224]
[8,8,0,0,2176,34952,33864,33864,17472,52864]
[36,7,4263,10401,18651,29208,52364,49152,49152,49152]
[32768,32768,32768,61440,65280,352,6688,9792,42976,404]
[32768,36864,36864,61696,50176,52224,31744,3328,6400,12288]
[36368,3696,2193,39187,27138,41539,33605,53061,4117,32801]
[34816,34816,34816,34952,17472,19968,11968,8736,18176,18088]
[21894,23940,3488,57264,36992,34816,18432,34816,34816,51200]
[33853,34321,50946,51137,49481,34488,53928,61960,64256,39168]
[4352,6410,2114,2118,34917,32877,1121,1788,2056,5]
[30764,51212,19532,9762,12086,6145,18432,16396,16386,32768]
[32768,34816,18432,51200,9344,27776,4680,12872,10048,25928]
[0,1,1,3,19,32818,33086,2696,52352,8385]
[4104,4488,12416,14464,3200,64704,4168,45056,43272,42252]
[5584,36288,736,35828,396,220,237,1449,6049,5380]
[235,3121,1649,1344,562,610,1890,9602,14181,18444]
[0,0,0,32768,32768,18449,18451,26672,59650,14848]
[8,0,0,2176,34952,33864,33864,17472,52864,8832]
[7,4263,10401,18651,29208,52364,49152,49152,49152,57344]
[32768,32768,61440,65280,352,6688,9792,42976,404,26792]
[21696,42176,58048,576,0,32768,32768,0,32768,32768]
[0,0,0,32768,32768,49152,51200,9344,25600,5632]
[36864,36864,61696,50176,52224,31744,3328,6400,12288,45312]
[3696,2193,39187,27138,41539,33605,53061,4117,32801,32768]
[34816,34816,34952,17472,19968,11968,8736,18176,18088,27308]
[23940,3488,57264,36992,34816,18432,34816,34816,51200,19456]
[34321,50946,51137,49481,34488,53928,61960,64256,39168,34816]
[6410,2114,2118,34917,32877,1121,1788,2056,5,10]
[51212,19532,9762,12086,6145,18432,16396,16386,32768,32768]
[34816,18432,51200,9344,27776,4680,12872,10048,25928,17760]
[1,1,3,19,32818,33086,2696,52352,8385,1154]
[4488,12416,14464,3200,64704,4168,45056,43272,42252,59236]
[36288,736,35828,396,220,237,1449,6049,5380,4640]
[3121,1649,1344,562,610,1890,9602,14181,18444,76]
[0,0,32768,32768,18449,18451,26672,59650,14848,26128]
[0,0,2176,34952,33864,33864,17472,52864,8832,48264]
[4263,10401,18651,29208,52364,49152,49152,49152,57344,64512]
[32768,61440,65280,352,6688,9792,42976,404,26792,8844]
[42176,58048,576,0,32768,32768,0,32768,32768,45056]
[0,0,32768,32768,49152,51200,9344,25600,5632,20992]
[36864,61696,50176,52224,31744,3328,6400,12288,45312,64256]
[2193,39187,27138,41539,33605,53061,4117,32801,32768,34832]
[34816,34952,17472,19968,11968,8736,18176,18088,27308,27552]
[3488,57264,36992,34816,18432,34816,34816,51200,19456,27776]
[19532,9762,12086,6145,18432,16396,16386,32768,32768,49152]
[18432,51200,9344,27776,4680,12872,10048,25928,17760,21984]
[1,3,19,32818,33086,2696,52352,8385,1154,26837]
[12416,14464,3200,64704,4168,45056,43272,42252,59236,32772]
[0,0,0,0,32768,0,32768,0,32768,34816]
[736,35828,396,220,237,1449,6049,5380,4640,4864]
[0,32768,32768,18449,18451,26672,59650,14848,26128,1072]
[0,2176,34952,33864,33864,17472,52864,8832,48264,8712]
[10401,18651,29208,52364,49152,49152,49152,57344,64512,4096]
[61440,65280,352,6688,9792,42976,404,26792,8844,1164]
[58048,576,0,32768,32768,0,32768,32768,45056,61440]
[0,32768,32768,49152,51200,9344,25600,5632,20992,16896]
[61696,50176,52224,31744,3328,6400,12288,45312,64256,34832]
[39187,27138,41539,33605,53061,4117,32801,32768,34832,18704]
[34952,17472,19968,11968,8736,18176,18088,27308,27552,31152]
[57264,36992,34816,18432,34816,34816,51200,19456,27776,704]
[9762,12086,6145,18432,16396,16386,32768,32768,49152,16384]
[51200,9344,27776,4680,12872,10048,25928,17760,21984,49396]
[3,19,32818,33086,2696,52352,8385,1154,26837,12484]
[0,0,0,32768,0,32768,0,32768,34816,49152]
[32768,32768,18449,18451,26672,59650,14848,26128,1072,18976]
[2176,34952,33864,33864,17472,52864,8832,48264,8712,28672]
[34828,49228,17474,34542,49680,52736,8776,16076,256,32768]
[576,0,32768,32768,0,32768,32768,45056,61440,65280]
[32768,32768,49152,51200,9344,25600,5632,20992,16896,36864]
[50176,52224,31744,3328,6400,12288,45312,64256,34832,6144]
[27138,41539,33605,53061,4117,32801,32768,34832,18704,64272]
[17472,19968,11968,8736,18176,18088,27308,27552,31152,61684]
[36992,34816,18432,34816,34816,51200,19456,27776,704,1240]
[12086,6145,18432,16396,16386,32768,32768,49152,16384,34816]
[9344,27776,4680,12872,10048,25928,17760,21984,49396,33004]
[19,32818,33086,2696,52352,8385,1154,26837,12484,14272]
[0,0,32768,0,32768,0,32768,34816,49152,16384]
[32768,18449,18451,26672,59650,14848,26128,1072,18976,576]
[34952,33864,33864,17472,52864,8832,48264,8712,28672,64000]
[49228,17474,34542,49680,52736,8776,16076,256,32768,32768]
[0,32768,32768,0,32768,32768,45056,61440,65280,4576]
[32768,49152,51200,9344,25600,5632,20992,16896,36864,38912]
[52224,31744,3328,6400,12288,45312,64256,34832,6144,8448]
[41539,33605,53061,4117,32801,32768,34832,18704,64272,2096]
[19968,11968,8736,18176,18088,27308,27552,31152,61684,61552]
[34816,18432,34816,34816,51200,19456,27776,704,1240,34428]
[6145,18432,16396,16386,32768,32768,49152,16384,34816,4224]
[0,0,0,32768,32768,49152,51200,9216,24576,28672]
[32818,33086,2696,52352,8385,1154,26837,12484,14272,2262]
[0,32768,0,32768,0,32768,34816,49152,16384,34816]
[18449,18451,26672,59650,14848,26128,1072,18976,576,49152]
[33864,33864,17472,52864,8832,48264,8712,28672,64000,768]
[17474,34542,49680,52736,8776,16076,256,32768,32768,49152]
[32768,32768,0,32768,32768,45056,61440,65280,4576,7420]
[49152,51200,9344,25600,5632,20992,16896,36864,38912,45056]
[31744,3328,6400,12288,45312,64256,34832,6144,8448,12544]
[33605,53061,4117,32801,32768,34832,18704,64272,2096,259]
[11968,8736,18176,18088,27308,27552,31152,61684,61552,16436]
[18432,34816,34816,51200,19456,27776,704,1240,34428,49164]
[18432,16396,16386,32768,32768,49152,16384,34816,4224,8]
[4680,12872,10048,25928,17760,21984,49396,33004,34,0]
[0,0,32768,32768,49152,51200,9216,24576,28672,12800]
[33086,2696,52352,8385,1154,26837,12484,14272,2262,3088]
[32768,0,32768,0,32768,34816,49152,16384,34816,6144]
[18451,26672,59650,14848,26128,1072,18976,576,49152,49152]
[34542,49680,52736,8776,16076,256,32768,32768,49152,34816]
[32768,0,32768,32768,45056,61440,65280,4576,7420,53265]
[51200,9344,25600,5632,20992,16896,36864,38912,45056,20480]
[3328,6400,12288,45312,64256,34832,6144,8448,12544,4864]
[53061,4117,32801,32768,34832,18704,64272,2096,259,51]
[8736,18176,18088,27308,27552,31152,61684,61552,16436,37562]
[34816,34816,51200,19456,27776,704,1240,34428,49164,32773]
[16396,16386,32768,32768,49152,16384,34816,4224,8,36872]
[2696,52352,8385,1154,26837,12484,14272,2262,3088,2304]
[0,32768,0,32768,34816,49152,16384,34816,6144,28672]
[26672,59650,14848,26128,1072,18976,576,49152,49152,57344]
[49680,52736,8776,16076,256,32768,32768,49152,34816,2048]
[49152,49152,57344,64512,4096,32768,32768,32768,18432,51200]
[0,32768,32768,45056,61440,65280,4576,7420,53265,47889]
[9344,25600,5632,20992,16896,36864,38912,45056,20480,40960]
[6400,12288,45312,64256,34832,6144,8448,12544,4864,45824]
[4117,32801,32768,34832,18704,64272,2096,259,51,34]
[18176,18088,27308,27552,31152,61684,61552,16436,37562,6827]
[34816,51200,19456,27776,704,1240,34428,49164,32773,34949]
[16386,32768,32768,49152,16384,34816,4224,8,36872,61832]
[52352,8385,1154,26837,12484,14272,2262,3088,2304,20867]
[32768,0,32768,34816,49152,16384,34816,6144,28672,15104]
[44032,11264,11392,3272,9220,14464,17408,24576,57344,41984]
[59650,14848,26128,1072,18976,576,49152,49152,57344,41984]
[52224,17536,17536,17664,31504,32800,14344,384,8,32768]
[49152,57344,64512,4096,32768,32768,32768,18432,51200,9344]
[32768,32768,45056,61440,65280,4576,7420,53265,47889,34832]
[25600,5632,20992,16896,36864,38912,45056,20480,40960,14336]
[12288,45312,64256,34832,6144,8448,12544,4864,45824,46848]
[32801,32768,34832,18704,64272,2096,259,51,34,262]
[18088,27308,27552,31152,61684,61552,16436,37562,6827,4779]
[51200,19456,27776,704,1240,34428,49164,32773,34949,33861]
[32768,32768,49152,16384,34816,4224,8,36872,61832,392]
[8385,1154,26837,12484,14272,2262,3088,2304,20867,7074]
[19648,16960,3584,17472,3584,17472,3584,1088,2048,32768]
[17536,17536,17664,31504,32800,14344,384,8,32768,32768]
[57344,64512,4096,32768,32768,32768,18432,51200,9344,11392]
[32768,45056,61440,65280,4576,7420,53265,47889,34832,34944]
[5632,20992,16896,36864,38912,45056,20480,40960,14336,28672]
[45824,36352,15680,3296,676,27812,4132,12288,8448,41216]
[45312,64256,34832,6144,8448,12544,4864,45824,46848,36128]
[32768,34832,18704,64272,2096,259,51,34,262,32802]
[27308,27552,31152,61684,61552,16436,37562,6827,4779,5801]
[19456,27776,704,1240,34428,49164,32773,34949,33861,36036]
[32768,49152,16384,34816,4224,8,36872,61832,392,12]
[1154,26837,12484,14272,2262,3088,2304,20867,7074,39852]
[16960,3584,17472,3584,17472,3584,1088,2048,32768,32768]
[17536,17664,31504,32800,14344,384,8,32768,32768,49152]
[64512,4096,32768,32768,32768,18432,51200,9344,11392,15432]
[45056,61440,65280,4576,7420,53265,47889,34832,34944,35840]
[20992,16896,36864,38912,45056,20480,40960,14336,28672,29184]
[36352,15680,3296,676,27812,4132,12288,8448,41216,41216]
[64256,34832,6144,8448,12544,4864,45824,46848,36128,12256]
[34832,18704,64272,2096,259,51,34,262,32802,32774]
[27552,31152,61684,61552,16436,37562,6827,4779,5801,13985]
[27776,704,1240,34428,49164,32773,34949,33861,36036,16428]
[49152,16384,34816,4224,8,36872,61832,392,12,12]
[26837,12484,14272,2262,3088,2304,20867,7074,39852,39598]
[3584,17472,3584,17472,3584,1088,2048,32768,32768,49152]
[17664,31504,32800,14344,384,8,32768,32768,49152,16384]
[4096,32768,32768,32768,18432,51200,9344,11392,15432,40008]
[16896,36864,38912,45056,20480,40960,14336,28672,29184,55040]
[15680,3296,676,27812,4132,12288,8448,41216,41216,41232]
[34832,6144,8448,12544,4864,45824,46848,36128,12256,20]
[18704,64272,2096,259,51,34,262,32802,32774,6]
[31152,61684,61552,16436,37562,6827,4779,5801,13985,24617]
[704,1240,34428,49164,32773,34949,33861,36036,16428,32846]
[16384,34816,4224,8,36872,61832,392,12,12,32900]
[12484,14272,2262,3088,2304,20867,7074,39852,39598,43944]
[32768,32768,32768,18432,51200,9344,11392,15432,40008,44616]
[36864,38912,45056,20480,40960,14336,28672,29184,55040,40224]
[3296,676,27812,4132,12288,8448,41216,41216,41232,60160]
[6144,8448,12544,4864,45824,46848,36128,12256,20,32896]
[64272,2096,259,51,34,262,32802,32774,6,15]
[61684,61552,16436,37562,6827,4779,5801,13985,24617,9747]
[1240,34428,49164,32773,34949,33861,36036,16428,32846,32994]
[34816,4224,8,36872,61832,392,12,12,32900,132]
[14272,2262,3088,2304,20867,7074,39852,39598,43944,557]
[2048,2048,34944,35968,17480,20040,8744,18252,19468,52236]
[32768,32768,18432,51200,9344,11392,15432,40008,44616,548]
[38912,45056,20480,40960,14336,28672,29184,55040,40224,64864]
[676,27812,4132,12288,8448,41216,41216,41232,60160,2576]
[8448,12544,4864,45824,46848,36128,12256,20,32896,34816]
[2096,259,51,34,262,32802,32774,6,15,110]
[61552,16436,37562,6827,4779,5801,13985,24617,9747,1616]
[34428,49164,32773,34949,33861,36036,16428,32846,32994,2298]
[4224,8,36872,61832,392,12,12,32900,132,2180]
[2262,3088,2304,20867,7074,39852,39598,43944,557,172]
[14344,384,8,32768,32768,49152,16384,32768,32768,0]
[2048,34944,35968,17480,20040,8744,18252,19468,52236,52236]
[49152,34816,2048,16384,0,16384,24576,24576,49152,49152]
[32768,18432,51200,9344,11392,15432,40008,44616,548,100]
[45056,20480,40960,14336,28672,29184,55040,40224,64864,240]
[27812,4132,12288,8448,41216,41216,41232,60160,2576,16]
[12544,4864,45824,46848,36128,12256,20,32896,34816,51200]
[259,51,34,262,32802,32774,6,15,110,171]
[16436,37562,6827,4779,5801,13985,24617,9747,1616,5696]
[49164,32773,34949,33861,36036,16428,32846,32994,2298,19256]
[8,36872,61832,392,12,12,32900,132,2180,2244]
[3088,2304,20867,7074,39852,39598,43944,557,172,130]
[34944,35968,17480,20040,8744,18252,19468,52236,52236,50180]
[18432,51200,9344,11392,15432,40008,44616,548,100,102]
[0,0,0,0,128,136,2184,2120,200,192]
[20480,40960,14336,28672,29184,55040,40224,64864,240,34806]
[4132,12288,8448,41216,41216,41232,60160,2576,16,4352]
[4864,45824,46848,36128,12256,20,32896,34816,51200,52225]
[51,34,262,32802,32774,6,15,110,171,59]
[37562,6827,4779,5801,13985,24617,9747,1616,5696,38628]
[2048,16384,24576,61440,65024,4544,14976,35520,49344,32768]
[32773,34949,33861,36036,16428,32846,32994,2298,19256,6184]
[36872,61832,392,12,12,32900,132,2180,2244,56518]
[8960,8960,25344,18176,50992,34880,56320,26112,1536,37120]
[35968,17480,20040,8744,18252,19468,52236,52236,50180,50176]
[0,0,0,128,136,2184,2120,200,192,12]
[40960,14336,28672,29184,55040,40224,64864,240,34806,8457]
[12288,8448,41216,41216,41232,60160,2576,16,4352,14592]
[34,262,32802,32774,6,15,110,171,59,4200]
[6827,4779,5801,13985,24617,9747,1616,5696,38628,37122]
[20145,57732,58270,36872,47112,13320,12800,29200,17408,49152]
[34949,33861,36036,16428,32846,32994,2298,19256,6184,4423]
[61832,392,12,12,32900,132,2180,2244,56518,20482]
[8960,25344,18176,50992,34880,56320,26112,1536,37120,37120]
[19456,19456,60416,39424,29952,17408,57344,25600,26112,38400]
[17480,20040,8744,18252,19468,52236,52236,50180,50176,50184]
[8448,41216,41216,41232,60160,2576,16,4352,14592,2944]
[262,32802,32774,6,15,110,171,59,4200,4937]
[4779,5801,13985,24617,9747,1616,5696,38628,37122,12288]
[57732,58270,36872,47112,13320,12800,29200,17408,49152,49152]
[4096,12288,8448,24832,17152,33536,32768,20480,53248,49152]
[33861,36036,16428,32846,32994,2298,19256,6184,4423,39505]
[25344,18176,50992,34880,56320,26112,1536,37120,37120,47360]
[19456,60416,39424,29952,17408,57344,25600,26112,38400,38400]
[20040,8744,18252,19468,52236,52236,50180,50176,50184,50184]
[0,0,0,0,8,136,140,204,2116,2112]
[12544,8960,25089,26128,29728,54288,52480,7952,33856,52224]
[41216,41216,41232,60160,2576,16,4352,14592,2944,25936]
[32802,32774,6,15,110,171,59,4200,4937,4954]
[5801,13985,24617,9747,1616,5696,38628,37122,12288,8448]
[58270,36872,47112,13320,12800,29200,17408,49152,49152,51200]
[36036,16428,32846,32994,2298,19256,6184,4423,39505,33627]
[12,12,32900,132,2180,2244,56518,20482,4096,0]
[18176,50992,34880,56320,26112,1536,37120,37120,47360,36608]
[60416,39424,29952,17408,57344,25600,26112,38400,38400,34560]
[0,0,32768,34816,2048,0,0,32768,16384,32768]
[41216,41232,60160,2576,16,4352,14592,2944,25936,31760]
[32774,6,15,110,171,59,4200,4937,4954,16730]
[13985,24617,9747,1616,5696,38628,37122,12288,8448,39168]
[36872,47112,13320,12800,29200,17408,49152,49152,51200,11264]
[16428,32846,32994,2298,19256,6184,4423,39505,33627,26568]

